0 1 1 4 1
0 2 1 0 1
0 5 1 6 1
0 5 1 9 1
0 6 1 1 1
0 6 1 3 1
0 6 1 6 1
0 7 1 5 1
0 7 1 6 1
0 7 1 9 1
1 0 2 11 1
1 1 2 2 1
1 2 2 0 1
1 3 2 4 1
1 4 2 0 1
1 5 2 4 1
1 6 2 0 1
1 6 2 10 1
1 8 2 9 1
1 9 2 0 1
1 9 2 9 2
2 0 3 5 1
2 0 3 7 1
2 0 3 9 1
2 0 3 11 1
2 1 3 1 1
2 1 3 10 1
2 2 3 8 2
2 2 3 10 1
2 2 3 11 1
2 3 3 6 2
2 3 3 8 1
2 4 3 1 1
2 4 3 9 1
2 4 3 11 1
2 5 3 2 1
2 5 3 9 2
2 8 3 2 1
2 8 3 8 1
2 10 3 10 1
3 0 4 2 1
3 1 4 5 1
3 1 4 6 1
3 1 4 8 2
3 3 4 7 1
3 3 4 8 1
3 4 4 4 1
3 5 4 4 2
3 5 4 6 3
3 6 4 1 1
3 6 4 4 1
3 6 4 6 1
3 6 4 8 1
3 7 4 1 1
3 7 4 6 1
3 7 4 7 1
3 8 4 0 2
3 8 4 3 2
3 8 4 5 1
3 8 4 6 1
3 9 4 7 1
3 10 4 0 1
3 11 4 2 1
3 11 4 5 1
4 1 5 1 2
4 1 5 4 1
4 1 5 5 1
4 1 5 8 1
4 1 5 9 1
4 4 5 1 1
4 4 5 6 1
4 5 5 0 2
4 5 5 7 2
4 5 5 9 3
4 6 5 0 1
4 6 5 7 1
4 7 5 2 1
4 7 5 5 1
4 7 5 7 1
4 8 5 1 1
4 8 5 5 1
5 0 6 2 1
5 0 6 4 1
5 0 6 8 1
5 0 6 10 1
5 1 6 3 1
5 1 6 4 1
5 1 6 7 1
5 1 6 8 1
5 3 6 8 1
5 5 6 4 1
5 5 6 9 1
5 6 6 3 1
5 6 6 8 1
5 7 6 0 2
5 7 6 2 1
5 7 6 3 1
5 7 6 8 1
5 9 6 0 2
5 9 6 1 1
5 9 6 4 1
5 9 6 7 1
5 9 6 10 2
6 0 7 6 1
6 1 7 1 1
6 2 7 9 1
6 3 7 0 1
6 4 7 5 2
6 4 7 6 2
6 4 7 8 1
6 5 7 8 1
6 5 7 10 1
6 7 7 0 1
6 7 7 3 1
6 8 7 1 1
6 8 7 4 1
6 8 7 5 1
6 9 7 4 1
6 10 7 2 1
6 10 7 6 1
6 10 7 9 1
7 0 8 6 1
7 0 8 9 1
7 1 8 10 2
7 3 8 0 1
7 3 8 9 2
7 4 8 1 1
7 4 8 3 1
7 4 8 9 1
7 5 8 4 1
7 6 8 0 1
7 7 8 1 1
7 10 8 3 1
8 0 9 7 1
8 1 9 1 2
8 2 9 4 1
8 2 9 8 1
8 3 9 0 2
8 3 9 1 2
8 3 9 5 2
8 3 9 9 1
8 4 9 2 1
8 4 9 8 1
8 5 9 1 1
8 5 9 5 1
8 5 9 9 1
8 6 9 9 1
8 8 9 5 1
8 8 9 8 1
8 8 9 9 1
8 9 9 6 1
8 10 9 0 1
8 10 9 2 1
8 10 9 7 1
8 10 9 9 2
9 0 10 7 1
9 1 10 0 1
9 1 10 4 1
9 1 10 8 1
9 3 10 2 1
9 3 10 8 1
9 3 10 10 1
9 4 10 0 1
9 4 10 10 1
9 5 10 4 1
9 5 10 7 1
9 5 10 8 1
9 7 10 9 1
9 7 10 10 1
9 9 10 0 2
9 9 10 6 1
9 9 10 7 1
10 0 11 2 1
10 0 11 4 2
10 0 11 7 1
10 0 11 8 1
10 1 11 4 1
10 4 11 1 1
10 4 11 5 1
10 5 11 4 2
10 5 11 8 1
10 6 11 1 1
10 6 11 3 1
10 7 11 1 1
10 7 11 6 2
10 8 11 1 1
10 10 11 2 1
11 0 12 3 2
11 0 12 4 1
11 0 12 7 1
11 1 12 1 1
11 1 12 7 1
11 2 12 9 1
11 3 12 9 2
11 4 12 3 1
11 5 12 3 1
11 5 12 5 1
11 6 12 5 1
11 6 12 7 1
11 8 12 4 1
11 8 12 5 1
11 8 12 6 1
12 0 13 4 1
12 0 13 7 1
12 1 13 5 1
12 2 13 5 1
12 3 13 7 1
12 4 13 3 1
12 5 13 0 1
12 5 13 5 1
12 5 13 6 1
12 6 13 2 1
12 7 13 2 1
12 9 13 6 1
13 0 14 10 1
13 1 14 2 1
13 2 14 9 1
13 3 14 1 1
13 3 14 8 1
13 3 14 11 1
13 4 14 2 2
13 4 14 4 1
13 4 14 10 1
13 5 14 2 1
13 5 14 7 1
13 5 14 9 1
13 6 14 9 1
13 7 14 11 1
14 1 15 0 1
14 1 15 3 1
14 2 15 1 1
14 2 15 2 1
14 2 15 10 1
14 3 15 6 1
14 4 15 4 1
14 5 15 7 1
14 6 15 8 1
14 8 15 9 1
14 9 15 0 1
14 9 15 4 1
14 9 15 6 1
14 10 15 3 1
14 10 15 4 1
14 10 15 5 1
14 10 15 9 1
14 11 15 0 1
15 1 16 3 1
15 2 16 2 1
15 2 16 3 1
15 2 16 4 1
15 3 16 4 1
15 3 16 9 1
15 4 16 3 1
15 4 16 4 1
15 4 16 9 1
15 5 16 7 1
15 6 16 2 1
15 6 16 9 1
15 7 16 9 1
15 8 16 8 1
15 9 16 2 1
15 10 16 4 1
15 10 16 7 1
15 10 16 8 1
16 3 17 2 1
16 3 17 4 1
16 3 17 6 2
16 4 17 0 1
16 4 17 6 1
16 4 17 7 1
16 8 17 3 1
16 9 17 0 1
16 9 17 7 1
17 0 18 4 1
17 0 18 7 1
17 0 18 8 1
17 2 18 0 1
17 3 18 3 1
17 3 18 4 1
17 3 18 6 2
17 3 18 9 1
17 4 18 3 1
17 4 18 9 2
17 5 18 0 1
17 6 18 2 1
17 6 18 3 3
17 6 18 7 1
17 6 18 8 1
17 7 18 0 1
17 7 18 2 1
18 0 19 4 1
18 0 19 5 1
18 0 19 9 1
18 2 19 6 1
18 3 19 0 1
18 3 19 2 1
18 3 19 5 1
18 3 19 7 1
18 3 19 9 1
18 3 19 10 1
18 4 19 4 1
18 5 19 4 1
18 5 19 5 2
18 6 19 2 1
18 6 19 8 1
18 6 19 11 1
18 7 19 1 1
18 9 19 3 1
18 9 19 4 2
19 0 20 5 1
19 0 20 9 1
19 0 20 11 1
19 1 20 3 1
19 2 20 1 1
19 2 20 3 1
19 2 20 4 1
19 2 20 7 1
19 2 20 10 1
19 3 20 1 1
19 4 20 1 2
19 4 20 2 1
19 4 20 7 1
19 5 20 3 1
19 5 20 4 1
19 5 20 11 1
19 6 20 10 1
19 7 20 1 1
19 7 20 6 1
19 7 20 11 1
19 8 20 0 1
19 8 20 1 1
19 8 20 9 1
19 10 20 4 1
20 0 21 4 1
20 0 21 7 1
20 1 21 3 1
20 1 21 5 2
20 1 21 7 2
20 2 21 5 1
20 2 21 6 1
20 3 21 2 2
20 3 21 3 1
20 3 21 4 1
20 4 21 2 1
20 4 21 6 1
20 4 21 7 1
20 5 21 1 1
20 7 21 1 1
20 7 21 2 1
20 8 21 1 1
20 8 21 4 1
20 9 21 4 1
20 10 21 6 1
21 2 22 5 1
21 5 22 3 1
21 6 22 4 2
22 0 23 1 1
22 1 23 6 1
22 3 23 3 1
22 3 23 5 1
22 4 23 6 1
22 4 23 8 1
22 5 23 8 1
22 5 23 9 1
22 6 23 3 1
23 0 24 0 2
23 0 24 7 1
23 1 24 3 1
23 1 24 6 2
23 2 24 0 1
23 2 24 7 1
23 2 24 8 1
23 3 24 5 1
23 4 24 8 1
23 5 24 5 1
23 6 24 4 1
23 6 24 5 2
23 6 24 6 1
23 7 24 0 1
23 7 24 4 1
23 7 24 6 1
23 8 24 0 1
23 8 24 1 1
23 8 24 3 1
23 9 24 6 1
24 0 25 2 1
24 0 25 10 2
24 1 25 7 1
24 1 25 9 1
24 5 25 1 1
24 5 25 5 1
24 5 25 10 1
24 6 25 8 1
24 8 25 8 1
24 8 25 12 2
25 0 26 6 1
25 1 26 2 1
25 2 26 6 1
25 2 26 7 1
25 3 26 7 1
25 5 26 1 1
25 5 26 6 1
25 8 26 6 1
25 10 26 1 1
25 10 26 3 1
25 10 26 5 1
25 12 26 1 1
25 12 26 4 1
26 0 27 3 1
26 0 27 8 1
26 1 27 0 1
26 1 27 3 1
26 1 27 7 1
26 2 27 5 1
26 2 27 8 1
26 3 27 1 1
26 3 27 9 1
26 5 27 5 1
26 6 27 2 1
26 6 27 3 1
26 6 27 8 1
26 7 27 2 1
26 7 27 9 1
27 0 28 0 1
27 0 28 5 1
27 0 28 7 1
27 1 28 0 1
27 2 28 3 1
27 2 28 5 1
27 2 28 8 1
27 3 28 0 1
27 3 28 5 1
27 3 28 6 1
27 4 28 8 1
27 5 28 0 1
27 5 28 4 1
27 6 28 2 1
27 6 28 3 1
27 7 28 3 1
27 7 28 4 1
27 8 28 1 1
27 8 28 2 2
27 8 28 4 1
27 8 28 6 2
27 9 28 2 1
27 9 28 5 1
27 9 28 6 1
27 9 28 8 1
28 0 29 0 1
28 0 29 8 1
28 1 29 4 1
28 3 29 0 1
28 3 29 5 1
28 3 29 8 1
28 4 29 2 1
28 4 29 3 1
28 4 29 5 1
28 4 29 8 1
28 5 29 3 3
28 5 29 8 1
28 6 29 2 1
28 7 29 2 1
28 7 29 8 1
28 9 29 1 1
28 9 29 6 1
29 0 30 2 1
29 0 30 4 1
29 0 30 6 1
29 2 30 3 1
29 2 30 9 1
29 3 30 3 1
29 3 30 9 1
29 4 30 2 1
29 5 30 3 1
29 5 30 6 1
29 7 30 2 1
29 8 30 2 1
29 8 30 7 1
30 1 31 7 1
30 2 31 0 1
30 2 31 3 1
30 2 31 11 1
30 3 31 0 1
30 3 31 1 1
30 3 31 7 1
30 3 31 9 1
30 3 31 11 1
30 4 31 2 1
30 6 31 7 1
30 7 31 1 1
30 7 31 6 1
30 9 31 0 1
30 9 31 2 1
30 9 31 5 1
30 9 31 9 1
30 10 31 0 1
30 10 31 2 1
30 10 31 11 1
31 0 32 2 1
31 0 32 3 2
31 0 32 10 1
31 0 32 12 1
31 1 32 0 1
31 1 32 6 1
31 1 32 7 1
31 1 32 10 1
31 1 32 11 1
31 1 32 12 1
31 2 32 2 1
31 2 32 7 1
31 2 32 12 1
31 3 32 7 1
31 3 32 11 1
31 4 32 9 2
31 5 32 0 1
31 5 32 6 1
31 6 32 5 1
31 7 32 3 1
31 7 32 7 1
31 7 32 8 1
31 7 32 9 2
31 7 32 11 1
31 8 32 1 1
31 8 32 4 1
31 9 32 0 1
31 9 32 2 1
31 9 32 8 1
31 9 32 11 1
31 9 32 12 1
31 11 32 0 2
31 11 32 5 1
31 11 32 11 1
31 11 32 12 1
32 0 33 5 1
32 0 33 8 1
32 1 33 2 1
32 1 33 9 1
32 2 33 0 1
32 2 33 9 1
32 3 33 5 1
32 3 33 7 1
32 3 33 9 1
32 3 33 10 2
32 4 33 0 1
32 4 33 1 1
32 5 33 8 1
32 6 33 1 1
32 6 33 5 1
32 6 33 7 1
32 6 33 8 1
32 7 33 7 1
32 8 33 0 1
32 8 33 7 1
32 9 33 0 1
32 9 33 1 1
32 10 33 9 1
32 11 33 5 2
32 11 33 7 1
32 12 33 0 1
32 12 33 6 1
32 12 33 7 1
32 12 33 9 1
33 0 34 1 1
33 2 34 1 1
33 2 34 8 1
33 3 34 7 1
33 5 34 1 1
33 5 34 3 1
33 5 34 8 1
33 7 34 4 1
33 7 34 5 1
33 7 34 9 1
33 8 34 7 1
34 0 35 7 1
34 1 35 1 1
34 1 35 4 1
34 1 35 7 1
34 1 35 8 1
34 2 35 3 1
34 4 35 3 1
34 5 35 4 1
34 6 35 1 1
34 6 35 5 2
34 6 35 7 1
34 7 35 7 1
34 7 35 9 1
34 8 35 8 1
35 1 36 0 1
35 1 36 4 1
35 1 36 7 1
35 2 36 1 1
35 3 36 2 1
35 3 36 3 1
35 3 36 8 1
35 4 36 2 1
35 4 36 6 1
35 4 36 8 1
35 5 36 3 1
35 5 36 4 1
35 5 36 6 1
35 5 36 7 1
35 6 36 7 1
35 7 36 0 1
35 7 36 4 1
35 7 36 5 1
35 7 36 7 1
35 7 36 9 1
35 8 36 0 1
35 8 36 8 1
35 9 36 1 1
35 9 36 3 1
35 9 36 5 2
35 10 36 1 1
36 0 37 4 1
36 0 37 5 2
36 1 37 1 1
36 2 37 0 1
36 2 37 4 1
36 2 37 7 1
36 3 37 1 1
36 3 37 7 1
36 3 37 9 1
36 4 37 2 2
36 4 37 4 1
36 5 37 8 1
36 5 37 9 1
36 6 37 1 1
36 6 37 2 1
36 7 37 3 1
36 7 37 7 1
36 8 37 1 2
36 8 37 5 1
37 1 38 2 3
37 1 38 6 1
37 4 38 0 1
37 4 38 1 1
37 4 38 9 1
37 6 38 0 1
37 7 38 5 1
37 7 38 9 1
37 8 38 2 2
37 8 38 5 1
37 8 38 7 1
38 0 39 7 1
38 1 39 4 1
38 2 39 3 1
38 2 39 4 1
38 4 39 5 1
38 6 39 3 1
38 6 39 9 1
38 7 39 2 1
38 7 39 3 1
38 7 39 4 1
38 7 39 6 1
38 7 39 9 2
38 9 39 2 2
39 0 40 5 1
39 1 40 6 1
39 1 40 7 1
39 1 40 9 1
39 2 40 2 1
39 2 40 5 1
39 2 40 10 1
39 3 40 4 1
39 3 40 7 1
39 3 40 9 2
39 4 40 4 1
39 4 40 5 4
39 6 40 9 1
39 7 40 1 1
39 8 40 2 1
40 0 41 7 1
40 3 41 3 1
40 6 41 2 1
40 6 41 4 1
40 6 41 6 1
40 7 41 0 1
40 7 41 3 1
40 7 41 5 1
40 7 41 6 2
40 7 41 7 1
40 8 41 4 1
40 9 41 0 1
40 9 41 4 1
40 9 41 8 1
40 10 41 7 1
41 0 42 8 1
41 1 42 1 1
41 1 42 2 1
41 1 42 9 1
41 2 42 2 1
41 2 42 3 1
41 3 42 6 1
41 4 42 0 1
41 4 42 4 1
41 4 42 8 2
41 4 42 11 1
41 5 42 0 1
41 5 42 8 1
41 6 42 0 1
41 6 42 5 1
41 6 42 6 2
41 6 42 10 1
41 7 42 0 1
41 7 42 1 1
41 7 42 6 1
41 7 42 9 1
41 8 42 4 1
41 8 42 10 1
42 0 43 3 1
42 2 43 4 1
42 2 43 5 1
42 2 43 6 1
42 3 43 0 1
42 3 43 3 1
42 3 43 11 1
42 4 43 3 1
42 4 43 4 2
42 4 43 7 2
42 4 43 8 1
42 4 43 9 1
42 4 43 11 1
42 6 43 5 1
42 6 43 6 1
42 6 43 11 1
42 7 43 1 2
42 8 43 4 2
42 9 43 0 1
42 9 43 1 1
42 9 43 7 1
42 11 43 3 1
43 0 44 4 1
43 0 44 7 1
43 0 44 10 1
43 1 44 4 1
43 3 44 0 1
43 3 44 1 1
43 3 44 4 1
43 4 44 1 1
43 4 44 2 2
43 4 44 6 1
43 5 44 6 1
43 5 44 7 1
43 6 44 1 1
43 7 44 2 2
43 7 44 4 1
43 7 44 5 1
43 8 44 3 1
43 8 44 5 1
43 8 44 10 1
43 9 44 3 1
43 9 44 5 1
43 11 44 1 2
44 1 45 0 1
44 1 45 4 2
44 3 45 4 1
44 4 45 2 1
44 7 45 0 1
44 10 45 3 1
45 0 46 1 1
45 2 46 9 1
45 3 46 7 1
45 3 46 9 1
45 4 46 3 1
45 4 46 7 1
45 4 46 10 2
46 0 47 3 1
46 0 47 6 1
46 1 47 3 1
46 1 47 8 1
46 2 47 3 1
46 2 47 4 1
46 3 47 0 1
46 3 47 5 2
46 3 47 6 1
46 3 47 7 1
46 5 47 1 1
46 6 47 0 1
46 6 47 2 1
46 6 47 9 1
46 7 47 8 1
46 9 47 5 1
46 9 47 9 1
47 0 48 1 1
47 0 48 7 1
47 1 48 7 1
47 2 48 2 1
47 3 48 5 1
47 3 48 7 2
47 4 48 0 1
47 4 48 3 1
47 5 48 1 1
47 5 48 5 1
47 8 48 2 1
47 8 48 6 1
47 9 48 4 1
48 2 49 4 1
48 2 49 5 1
48 3 49 8 2
48 4 49 0 1
48 4 49 5 1
48 4 49 6 1
48 5 49 1 1
48 5 49 5 1
48 6 49 0 1
48 6 49 4 2
48 6 49 5 1
48 7 49 0 2
49 0 50 0 1
49 0 50 3 2
49 0 50 6 1
49 1 50 4 1
49 1 50 6 1
49 4 50 0 1
49 4 50 3 1
49 4 50 6 1
49 5 50 1 1
49 5 50 5 1
49 5 50 6 2
49 6 50 1 1
49 7 50 1 1
49 7 50 2 1
49 8 50 7 1
49 9 50 7 1
50 0 51 0 1
50 0 51 2 2
50 0 51 3 1
50 0 51 6 1
50 2 51 4 1
50 3 51 2 1
50 3 51 5 1
50 3 51 10 1
50 5 51 7 1
50 5 51 8 1
50 6 51 0 1
50 6 51 3 1
50 6 51 5 1
50 6 51 6 3
50 6 51 7 1
50 6 51 10 1
50 7 51 0 2
50 7 51 3 4
50 7 51 10 1
51 0 52 0 1
51 0 52 3 2
51 1 52 1 1
51 2 52 3 1
51 2 52 6 1
51 2 52 8 1
51 3 52 3 1
51 3 52 4 1
51 3 52 6 2
51 3 52 7 1
51 4 52 8 1
51 6 52 2 2
51 6 52 4 2
51 7 52 9 1
51 8 52 1 1
51 8 52 8 1
51 9 52 5 1
51 9 52 6 2
51 10 52 0 1
51 10 52 3 1
51 10 52 4 1
52 0 53 1 1
52 0 53 5 1
52 0 53 8 1
52 0 53 11 1
52 1 53 6 1
52 1 53 10 1
52 2 53 5 1
52 2 53 9 1
52 3 53 0 1
52 3 53 10 2
52 3 53 11 1
52 4 53 8 1
52 4 53 11 1
52 5 53 0 1
52 5 53 9 1
52 6 53 0 1
52 6 53 4 1
52 6 53 9 1
52 6 53 10 2
52 7 53 2 1
52 7 53 11 1
52 9 53 7 1
52 9 53 10 1
53 0 54 2 1
53 1 54 0 1
53 1 54 1 1
53 2 54 5 1
53 5 54 1 1
53 5 54 6 1
53 5 54 8 1
53 6 54 4 1
53 6 54 7 1
53 7 54 9 2
53 9 54 1 1
53 9 54 7 2
53 10 54 3 1
53 10 54 4 1
53 10 54 5 1
53 10 54 6 1
53 10 54 8 4
53 11 54 0 3
53 11 54 4 1
53 11 54 6 4
54 0 55 8 1
54 0 55 9 1
54 1 55 6 1
54 2 55 0 1
54 3 55 3 1
54 3 55 4 1
54 3 55 9 1
54 4 55 10 1
54 5 55 2 3
54 5 55 3 1
54 5 55 5 2
54 6 55 4 1
54 6 55 5 1
54 7 55 2 1
54 8 55 8 2
54 8 55 9 1
54 9 55 2 1
54 9 55 3 1
54 9 55 7 1
54 10 55 8 1
55 0 56 4 1
55 0 56 5 1
55 1 56 4 1
55 1 56 9 1
55 2 56 6 1
55 3 56 5 1
55 4 56 1 1
55 4 56 10 1
55 5 56 5 1
55 6 56 4 1
55 6 56 7 2
55 6 56 9 1
55 7 56 10 2
55 8 56 0 2
55 8 56 3 1
55 9 56 0 1
55 9 56 2 1
55 9 56 8 1
55 10 56 0 2
56 0 57 1 1
56 0 57 4 1
56 0 57 5 1
56 3 57 2 1
56 5 57 9 1
56 6 57 8 1
56 7 57 9 1
56 10 57 3 1
56 10 57 5 1
57 0 58 8 1
57 1 58 2 1
57 2 58 3 1
57 3 58 2 1
57 3 58 4 1
57 3 58 5 1
57 4 58 2 1
57 4 58 3 1
57 4 58 6 1
57 5 58 5 2
57 7 58 3 1
57 8 58 6 1
57 9 58 1 1
57 9 58 3 1
57 9 58 5 1
57 9 58 7 1
58 1 59 9 1
58 2 59 1 1
58 2 59 4 1
58 2 59 6 1
58 2 59 7 1
58 2 59 9 2
58 2 59 11 1
58 3 59 3 1
58 3 59 6 1
58 3 59 7 1
58 3 59 9 1
58 3 59 11 1
58 4 59 7 1
58 4 59 11 1
58 5 59 2 1
58 5 59 9 1
58 5 59 11 1
58 6 59 5 1
58 6 59 8 2
58 7 59 10 1
58 8 59 2 1
58 8 59 3 1
58 8 59 5 1
58 9 59 2 1
58 9 59 11 1
59 1 60 0 1
59 1 60 8 1
59 1 60 9 1
59 3 60 0 1
59 3 60 4 1
59 4 60 5 2
59 5 60 2 1
59 5 60 7 2
59 6 60 1 1
59 6 60 2 1
59 7 60 4 1
59 8 60 8 1
59 9 60 0 1
59 9 60 7 1
59 10 60 6 1
60 0 61 3 1
60 0 61 4 1
60 0 61 10 1
60 1 61 4 2
60 1 61 10 1
60 2 61 0 1
60 2 61 1 1
60 2 61 3 1
60 4 61 3 1
60 4 61 6 1
60 4 61 10 1
60 5 61 2 2
60 6 61 7 1
60 6 61 9 1
60 7 61 5 1
60 7 61 8 1
60 7 61 10 1
60 8 61 5 1
60 9 61 4 1
61 0 62 8 1
61 2 62 2 1
61 3 62 5 1
61 3 62 7 1
61 6 62 9 1
61 7 62 4 1
61 8 62 0 2
61 9 62 5 1
61 10 62 3 1
62 1 63 4 1
62 1 63 9 1
62 2 63 10 1
62 3 63 1 1
62 3 63 3 1
62 4 63 0 1
62 5 63 2 1
62 6 63 11 1
62 7 63 6 1
63 0 64 0 2
63 0 64 2 1
63 0 64 4 2
63 0 64 5 1
63 1 64 0 1
63 1 64 2 1
63 1 64 3 1
63 2 64 2 1
63 2 64 7 1
63 2 64 8 1
63 3 64 1 1
63 3 64 4 2
63 3 64 6 1
63 3 64 7 1
63 5 64 1 1
63 6 64 0 1
63 6 64 6 1
63 6 64 7 1
63 7 64 0 1
63 7 64 3 1
63 9 64 3 2
63 10 64 2 1
63 11 64 3 1
64 0 65 3 1
64 0 65 8 1
64 0 65 9 1
64 0 65 10 1
64 1 65 0 1
64 1 65 2 1
64 1 65 3 1
64 1 65 10 1
64 2 65 1 1
64 2 65 4 1
64 3 65 0 1
64 3 65 2 1
64 3 65 4 1
64 4 65 0 2
64 4 65 1 2
64 4 65 4 1
64 5 65 3 1
64 5 65 9 1
64 5 65 10 1
64 6 65 7 2
64 7 65 6 2
64 8 65 3 1
65 0 66 2 1
65 0 66 3 1
65 0 66 8 1
65 1 66 0 1
65 1 66 1 1
65 1 66 7 1
65 2 66 6 1
65 3 66 2 1
65 3 66 5 1
65 3 66 8 1
65 4 66 3 1
65 4 66 6 1
65 5 66 5 1
65 5 66 6 1
65 6 66 0 1
65 6 66 2 1
65 6 66 3 1
65 6 66 5 1
65 8 66 6 2
65 9 66 4 1
65 9 66 6 1
65 10 66 2 1
65 10 66 3 1
65 10 66 5 1
65 10 66 6 1
66 1 67 4 1
66 2 67 2 1
66 2 67 6 1
66 3 67 5 1
66 3 67 8 1
66 4 67 2 1
66 5 67 4 1
66 5 67 7 1
66 6 67 5 1
66 7 67 1 1
66 8 67 3 1
67 0 68 5 1
67 2 68 3 1
67 5 68 1 1
67 5 68 4 1
67 5 68 6 1
67 6 68 4 1
67 7 68 9 1
67 8 68 4 1
68 0 69 0 1
68 0 69 5 2
68 0 69 10 1
68 1 69 3 1
68 1 69 9 1
68 2 69 6 1
68 2 69 9 1
68 3 69 3 1
68 3 69 6 1
68 3 69 9 1
68 4 69 1 1
68 4 69 10 1
68 5 69 6 1
68 5 69 8 1
68 7 69 2 1
68 7 69 4 1
68 7 69 9 1
68 8 69 2 1
68 9 69 0 1
68 9 69 1 1
68 9 69 2 1
69 0 70 1 1
69 0 70 3 1
69 0 70 7 1
69 0 70 10 1
69 1 70 1 1
69 2 70 3 1
69 2 70 5 1
69 2 70 11 1
69 3 70 1 1
69 3 70 3 1
69 3 70 6 1
69 3 70 11 1
69 4 70 1 1
69 4 70 3 1
69 4 70 6 1
69 5 70 10 1
69 6 70 0 1
69 6 70 2 1
69 6 70 6 1
69 6 70 8 1
69 6 70 11 1
69 9 70 0 1
69 9 70 4 2
69 9 70 7 1
69 9 70 8 2
69 9 70 11 1
69 11 70 7 1
70 1 71 2 1
70 1 71 8 1
70 2 71 5 1
70 3 71 2 1
70 3 71 3 1
70 3 71 4 1
70 4 71 1 1
70 5 71 0 1
70 5 71 2 1
70 5 71 3 1
70 6 71 3 1
70 7 71 0 1
70 7 71 2 1
70 8 71 4 1
70 8 71 9 1
70 10 71 1 1
70 10 71 9 1
71 0 72 1 1
71 0 72 6 1
71 1 72 2 1
71 2 72 0 1
71 2 72 5 1
71 2 72 6 1
71 3 72 2 1
71 4 72 4 2
71 5 72 8 1
71 7 72 4 1
71 9 72 3 1
71 10 72 3 1
71 10 72 5 2
72 0 73 1 1
72 0 73 7 3
72 1 73 0 1
72 3 73 6 1
72 4 73 1 1
72 4 73 9 1
72 6 73 9 1
72 7 73 2 1
72 7 73 6 1
72 8 73 5 1
72 8 73 9 1
73 0 74 5 1
73 0 74 10 1
73 1 74 4 1
73 1 74 10 1
73 2 74 9 2
73 3 74 0 1
73 3 74 2 1
73 3 74 3 1
73 3 74 5 1
73 4 74 7 1
73 4 74 8 1
73 5 74 0 1
73 5 74 4 1
73 5 74 7 1
73 7 74 9 1
73 8 74 3 1
73 8 74 6 1
73 8 74 8 1
73 9 74 2 1
73 9 74 3 1
73 9 74 8 1
74 0 75 3 1
74 0 75 9 1
74 1 75 0 1
74 1 75 7 1
74 2 75 3 1
74 3 75 2 1
74 3 75 7 3
74 3 75 9 1
74 4 75 6 1
74 5 75 9 1
74 7 75 1 1
74 7 75 6 1
74 7 75 8 1
74 8 75 7 1
74 9 75 4 1
74 9 75 9 1
74 10 75 6 1
75 0 76 3 1
75 0 76 5 1
75 1 76 0 1
75 1 76 5 1
75 2 76 3 1
75 3 76 3 1
75 3 76 8 1
75 6 76 0 1
75 6 76 2 2
75 6 76 10 1
75 7 76 0 1
75 7 76 10 1
75 7 76 11 2
75 8 76 0 1
75 9 76 2 2
75 9 76 6 1
75 9 76 7 1
76 0 77 4 1
76 0 77 6 1
76 0 77 10 1
76 0 77 11 1
76 1 77 6 1
76 1 77 10 1
76 2 77 10 2
76 3 77 1 1
76 3 77 3 1
76 3 77 5 1
76 3 77 6 1
76 4 77 1 1
76 4 77 5 1
76 4 77 6 1
76 4 77 10 1
76 4 77 11 1
76 5 77 6 1
76 6 77 2 1
76 7 77 0 1
76 9 77 2 1
76 9 77 4 2
76 9 77 8 1
76 10 77 5 1
76 11 77 2 1
76 11 77 3 3
76 11 77 5 1
77 0 78 3 1
77 1 78 0 1
77 1 78 6 1
77 3 78 5 1
77 3 78 10 2
77 4 78 1 1
77 4 78 7 1
77 5 78 0 1
77 6 78 1 1
77 6 78 4 1
77 6 78 7 1
77 6 78 8 1
77 6 78 9 1
77 7 78 4 1
77 7 78 8 1
77 8 78 3 1
77 8 78 5 1
77 9 78 0 1
77 9 78 3 1
77 9 78 9 2
77 10 78 1 2
77 10 78 6 1
77 10 78 7 1
77 11 78 5 1
78 0 79 3 1
78 0 79 5 2
78 1 79 4 1
78 3 79 2 1
78 3 79 3 1
78 3 79 5 1
78 3 79 11 1
78 5 79 5 1
78 5 79 8 1
78 5 79 9 1
78 5 79 11 1
78 6 79 3 2
78 7 79 1 1
78 7 79 6 1
78 8 79 2 1
78 8 79 7 1
78 8 79 8 1
78 8 79 10 1
78 10 79 6 1
78 10 79 9 1
79 1 80 1 1
79 1 80 6 2
79 1 80 11 1
79 2 80 6 1
79 2 80 7 1
79 3 80 6 1
79 3 80 11 2
79 4 80 3 1
79 4 80 5 1
79 4 80 8 1
79 5 80 2 1
79 5 80 4 2
79 5 80 10 1
79 6 80 1 2
79 6 80 2 2
79 6 80 6 1
79 6 80 10 1
79 7 80 0 1
79 8 80 6 1
79 8 80 7 1
79 9 80 4 1
79 9 80 9 1
79 10 80 0 1
79 10 80 9 2
79 11 80 9 1
80 0 81 5 1
80 0 81 7 1
80 0 81 9 2
80 4 81 2 2
80 4 81 5 1
80 6 81 2 1
80 6 81 3 2
80 6 81 5 1
80 7 81 1 1
80 7 81 6 1
80 7 81 9 1
80 8 81 1 1
80 8 81 4 1
80 10 81 0 1
80 10 81 6 1
80 11 81 1 1
80 11 81 3 1
80 11 81 9 1
81 1 82 2 1
81 1 82 5 1
81 1 82 8 1
81 2 82 4 1
81 2 82 5 1
81 2 82 8 1
81 3 82 1 1
81 3 82 2 2
81 4 82 1 1
81 4 82 4 1
81 5 82 6 2
81 5 82 7 2
81 5 82 8 1
81 6 82 1 1
81 7 82 4 1
81 8 82 8 2
81 9 82 1 1
81 9 82 4 1
82 1 83 3 1
82 1 83 4 1
82 1 83 6 1
82 2 83 5 1
82 3 83 4 1
82 4 83 3 1
82 4 83 4 1
82 6 83 6 1
82 8 83 5 1
83 1 84 1 1
83 2 84 1 1
83 2 84 2 1
83 2 84 6 1
83 3 84 1 1
83 3 84 4 1
83 4 84 6 1
83 4 84 9 1
83 5 84 0 1
83 5 84 3 1
83 5 84 4 1
83 5 84 9 1
83 6 84 5 1
83 6 84 6 1
84 0 85 6 1
84 1 85 3 1
84 2 85 5 1
84 3 85 1 1
84 3 85 4 2
84 3 85 6 3
84 4 85 7 1
84 5 85 1 2
84 6 85 3 1
84 6 85 5 1
84 7 85 0 1
85 1 86 8 1
85 2 86 2 1
85 2 86 8 2
85 2 86 9 1
85 3 86 2 1
85 3 86 6 1
85 4 86 4 1
85 4 86 9 1
85 5 86 0 1
85 5 86 4 1
85 5 86 8 1
85 6 86 7 1
85 6 86 8 1
85 6 86 11 1
85 7 86 3 1
85 7 86 8 1
86 0 87 7 1
86 0 87 9 1
86 1 87 1 1
86 3 87 1 1
86 3 87 4 1
86 4 87 0 2
86 4 87 8 2
86 4 87 9 2
86 5 87 4 1
86 6 87 2 1
86 6 87 7 1
86 7 87 0 1
86 7 87 7 1
86 8 87 1 1
86 10 87 4 1
86 11 87 4 2
86 11 87 8 1
87 1 88 5 2
87 2 88 5 1
87 4 88 1 1
87 4 88 7 1
87 5 88 8 1
87 6 88 8 2
87 7 88 1 1
87 7 88 3 1
87 8 88 9 1
87 9 88 6 1
88 0 89 3 1
88 1 89 4 1
88 1 89 5 1
88 2 89 5 1
88 2 89 6 1
88 3 89 0 1
88 3 89 1 1
88 3 89 5 2
88 5 89 1 2
88 5 89 8 1
88 7 89 7 2
88 8 89 0 1
88 8 89 2 1
88 8 89 7 2
88 10 89 5 1
89 1 90 0 1
89 2 90 2 1
89 2 90 4 1
89 3 90 1 1
89 3 90 4 1
89 4 90 0 1
89 4 90 1 1
89 4 90 7 1
89 5 90 2 2
89 5 90 3 1
89 5 90 4 1
89 7 90 5 1
89 7 90 7 1
90 0 91 2 1
90 1 91 3 1
90 1 91 7 1
90 2 91 2 1
90 2 91 11 2
90 3 91 11 1
90 4 91 4 1
90 5 91 0 1
90 5 91 7 1
90 5 91 10 1
90 6 91 15 1
90 7 91 6 1
90 7 91 7 1
90 7 91 12 1
90 8 91 0 1
91 0 92 3 1
91 0 92 6 1
91 0 92 9 1
91 0 92 10 1
91 1 92 4 1
91 2 92 7 1
91 3 92 9 1
91 4 92 4 1
91 4 92 5 1
91 4 92 6 1
91 4 92 7 1
91 6 92 7 1
91 7 92 5 2
91 8 92 0 1
91 8 92 1 1
91 8 92 7 1
91 10 92 3 1
91 11 92 1 3
91 11 92 9 1
91 11 92 10 1
91 12 92 0 1
91 12 92 1 1
91 12 92 3 1
91 13 92 9 2
91 14 92 1 1
91 14 92 8 1
91 15 92 5 1
92 0 93 0 1
92 0 93 10 1
92 1 93 0 1
92 1 93 3 1
92 1 93 5 1
92 1 93 6 1
92 1 93 9 1
92 2 93 8 1
92 2 93 11 1
92 3 93 1 1
92 3 93 3 1
92 4 93 7 1
92 5 93 3 1
92 5 93 4 1
92 5 93 6 3
92 6 93 9 1
92 6 93 10 1
92 7 93 0 1
92 7 93 5 1
92 8 93 10 1
92 8 93 11 1
92 9 93 2 1
92 9 93 4 1
92 9 93 7 1
92 9 93 9 1
93 0 94 4 1
93 0 94 8 1
93 2 94 1 1
93 2 94 3 1
93 2 94 4 1
93 2 94 5 1
93 3 94 5 1
93 3 94 7 1
93 5 94 3 1
93 5 94 7 1
93 6 94 0 1
93 6 94 1 1
93 6 94 5 1
93 6 94 7 1
93 7 94 2 1
93 11 94 4 1
93 11 94 7 1
94 5 95 0 1
94 6 95 1 1
94 7 95 1 1
94 8 95 2 1
94 8 95 3 1
94 8 95 5 1
95 0 96 1 1
95 1 96 2 1
95 1 96 4 2
95 1 96 6 1
95 2 96 1 3
95 2 96 2 1
95 2 96 3 1
95 2 96 6 1
95 2 96 7 2
95 3 96 1 2
95 3 96 2 1
95 3 96 6 1
95 4 96 0 1
95 4 96 1 1
95 4 96 7 2
95 5 96 7 1
95 6 96 6 2
95 7 96 1 1
95 7 96 2 1
96 2 97 3 1
96 2 97 4 1
96 2 97 8 2
96 3 97 3 1
96 3 97 5 1
96 6 97 3 1
96 9 97 1 1
96 9 97 8 1
97 1 98 1 1
97 1 98 9 1
97 2 98 9 1
97 3 98 8 1
97 5 98 0 1
97 5 98 3 1
97 7 98 8 1
97 8 98 0 1
97 8 98 3 1
97 8 98 7 1
97 9 98 8 1
98 0 99 5 1
98 1 99 11 1
98 2 99 7 2
98 2 99 10 1
98 3 99 2 1
98 4 99 3 1
98 4 99 5 2
98 4 99 11 1
98 6 99 11 1
98 7 99 0 1
98 7 99 6 1
98 8 99 0 1
98 8 99 4 1
98 9 99 2 2
98 9 99 3 2
98 9 99 7 1
98 9 99 8 1
99 0 100 6 1
99 2 100 7 2
99 3 100 1 1
99 3 100 3 1
99 3 100 7 1
99 4 100 2 1
99 5 100 3 1
99 5 100 4 1
99 5 100 5 1
99 5 100 8 1
99 6 100 2 1
99 6 100 3 1
99 6 100 5 1
99 7 100 3 1
99 7 100 5 1
99 8 100 5 1
99 9 100 7 1
99 10 100 8 1
99 11 100 7 1
99 11 100 8 1
100 0 101 6 1
100 1 101 4 1
100 2 101 7 1
100 4 101 0 1
100 4 101 1 1
100 4 101 5 1
100 5 101 3 1
100 7 101 4 1
100 8 101 3 4
101 0 102 9 1
101 1 102 2 1
101 1 102 3 1
101 1 102 8 1
101 2 102 6 1
101 3 102 3 1
101 3 102 5 1
101 3 102 7 1
101 4 102 4 1
101 4 102 5 1
101 4 102 8 1
101 5 102 7 1
101 6 102 2 1
101 7 102 8 1
101 8 102 8 2
102 4 103 0 1
102 4 103 8 2
102 5 103 1 2
102 5 103 8 1
102 6 103 3 1
102 6 103 6 1
102 6 103 8 1
102 7 103 0 1
102 7 103 2 1
102 7 103 3 1
102 7 103 7 1
102 7 103 9 1
102 8 103 5 1
102 8 103 8 1
102 9 103 4 1
103 0 104 4 1
103 1 104 2 1
103 4 104 2 1
103 5 104 2 1
103 9 104 3 1
103 9 104 4 1
104 1 105 2 1
104 1 105 4 1
104 1 105 6 1
104 1 105 9 1
104 2 105 3 2
104 2 105 4 1
104 3 105 2 1
104 4 105 8 1
104 5 105 4 2
104 8 105 9 1
105 2 106 2 1
105 3 106 0 1
105 4 106 2 1
105 5 106 1 1
105 6 106 0 1
105 7 106 1 1
105 9 106 0 1
105 9 106 3 1
106 0 107 1 2
106 1 107 0 1
106 1 107 3 1
106 2 107 0 1
106 2 107 1 1
106 3 107 4 1
106 3 107 8 1
106 4 107 3 1
106 4 107 5 1
107 0 108 5 1
107 0 108 7 1
107 1 108 1 1
107 1 108 6 1
107 1 108 9 1
107 3 108 0 1
107 3 108 1 1
107 3 108 3 1
107 3 108 4 1
107 3 108 6 1
107 3 108 7 1
107 4 108 3 1
107 4 108 5 1
107 5 108 1 1
107 5 108 9 1
107 7 108 6 2
107 7 108 7 1
107 8 108 9 1
107 9 108 2 1
108 1 109 2 1
108 1 109 5 1
108 2 109 0 1
108 2 109 5 1
108 4 109 1 1
108 5 109 6 1
108 6 109 0 1
108 7 109 4 1
108 7 109 5 1
108 7 109 6 1
108 9 109 0 1
108 9 109 7 1
108 9 109 8 1
108 10 109 0 1
109 0 110 3 1
109 0 110 6 1
109 1 110 1 1
109 2 110 5 2
109 3 110 4 1
109 4 110 1 2
109 5 110 6 1
109 5 110 7 1
109 5 110 8 1
109 6 110 1 1
109 6 110 3 1
109 6 110 8 1
109 7 110 4 1
109 7 110 5 1
109 8 110 2 1
109 8 110 4 1
110 1 111 1 1
110 1 111 2 1
110 1 111 3 1
110 1 111 4 2
110 1 111 7 1
110 1 111 8 2
110 1 111 9 2
110 2 111 4 1
110 3 111 0 2
110 3 111 1 1
110 3 111 2 1
110 3 111 3 1
110 4 111 3 1
110 4 111 5 1
110 4 111 6 1
110 4 111 7 1
110 5 111 0 1
110 5 111 3 5
110 6 111 1 1
110 6 111 2 1
110 6 111 5 1
110 7 111 8 2
110 7 111 9 1
110 8 111 0 3
111 0 112 0 1
111 0 112 2 1
111 0 112 4 1
111 0 112 6 1
111 0 112 9 1
111 1 112 0 1
111 1 112 11 1
111 2 112 2 1
111 2 112 3 1
111 3 112 2 1
111 3 112 5 2
111 3 112 8 1
111 4 112 0 1
111 4 112 8 1
111 5 112 8 1
111 5 112 10 1
111 6 112 3 1
111 6 112 6 1
111 7 112 2 1
111 9 112 1 1
111 9 112 5 1
111 9 112 8 1
112 0 113 4 1
112 0 113 5 1
112 0 113 9 1
112 1 113 7 1
112 2 113 0 1
112 2 113 7 1
112 3 113 3 1
112 4 113 3 1
112 4 113 5 1
112 4 113 7 1
112 4 113 8 1
112 5 113 9 1
112 6 113 0 1
112 7 113 1 1
112 7 113 2 1
112 7 113 3 1
112 7 113 4 1
112 7 113 5 1
112 7 113 7 1
112 8 113 4 1
112 9 113 0 1
112 10 113 8 2
112 11 113 0 1
112 11 113 3 1
112 11 113 8 1
113 0 114 2 1
113 0 114 4 3
113 0 114 9 1
113 1 114 0 1
113 1 114 6 1
113 1 114 10 1
113 2 114 3 1
113 3 114 8 1
113 4 114 4 1
113 4 114 6 1
113 5 114 9 1
113 8 114 3 1
113 8 114 8 1
113 9 114 3 1
113 9 114 7 1
114 0 115 2 1
114 0 115 6 1
114 0 115 9 1
114 2 115 5 2
114 3 115 2 1
114 4 115 5 1
114 4 115 6 2
114 4 115 10 1
114 5 115 2 1
114 5 115 10 1
114 6 115 5 1
114 6 115 9 1
114 7 115 2 1
114 7 115 3 1
114 7 115 9 1
114 8 115 1 1
114 8 115 4 1
114 8 115 8 2
114 9 115 2 1
115 0 116 1 1
115 0 116 4 1
115 1 116 5 1
115 2 116 8 1
115 3 116 4 1
115 3 116 7 1
115 3 116 10 1
115 4 116 5 1
115 4 116 9 1
115 5 116 0 1
115 5 116 3 2
115 5 116 10 1
115 6 116 4 1
115 6 116 7 2
115 6 116 10 1
115 7 116 1 1
115 8 116 2 1
115 8 116 3 1
115 8 116 4 1
115 9 116 5 1
115 10 116 1 1
115 10 116 10 2
116 0 117 3 1
116 0 117 8 1
116 1 117 6 1
116 1 117 9 1
116 2 117 8 2
116 3 117 0 1
116 3 117 4 1
116 3 117 7 1
116 4 117 6 1
116 5 117 3 1
116 6 117 4 1
116 7 117 3 1
116 7 117 4 1
116 8 117 5 1
116 9 117 0 1
116 10 117 2 1
116 10 117 4 1
116 10 117 8 1
117 3 118 2 1
117 4 118 1 2
117 4 118 2 1
117 5 118 1 2
117 8 118 1 1
117 8 118 3 1
117 9 118 3 1
118 1 119 1 1
118 1 119 4 1
118 2 119 7 1
118 2 119 8 1
118 3 119 0 1
118 3 119 2 1
118 3 119 8 1
119 0 120 1 2
119 0 120 5 1
119 0 120 8 1
119 1 120 2 1
119 2 120 1 1
119 2 120 5 1
119 3 120 1 1
119 3 120 2 1
119 3 120 5 1
119 3 120 7 1
119 4 120 3 1
119 5 120 3 1
119 5 120 10 1
119 7 120 1 1
119 7 120 3 1
119 8 120 8 2
119 8 120 10 1
119 9 120 2 1
119 9 120 9 1
120 0 121 0 1
120 1 121 1 1
120 1 121 2 1
120 1 121 6 1
120 2 121 6 1
120 2 121 7 1
120 2 121 8 1
120 3 121 7 1
120 5 121 1 1
120 6 121 8 1
120 7 121 2 1
120 8 121 1 3
120 8 121 9 1
120 9 121 8 1
121 0 122 4 2
121 0 122 10 1
121 1 122 2 1
121 1 122 4 1
121 1 122 5 1
121 1 122 9 1
121 1 122 10 1
121 2 122 0 1
121 3 122 7 1
121 3 122 8 2
121 3 122 9 1
121 4 122 1 1
121 4 122 6 1
121 4 122 7 1
121 4 122 10 1
121 5 122 9 1
121 6 122 1 1
121 6 122 2 2
121 6 122 8 1
121 7 122 0 1
121 7 122 2 1
121 7 122 3 1
121 7 122 10 1
121 9 122 2 1
121 9 122 3 1
121 9 122 5 1
121 9 122 6 1
122 0 123 9 1
122 1 123 2 1
122 2 123 0 1
122 2 123 4 1
122 2 123 5 1
122 2 123 9 2
122 3 123 3 1
122 3 123 9 1
122 6 123 4 1
122 6 123 5 1
122 8 123 0 1
122 9 123 0 1
122 9 123 2 2
122 10 123 6 1
122 10 123 9 1
123 0 124 3 1
123 0 124 4 1
123 2 124 3 1
123 3 124 1 1
123 4 124 1 1
123 4 124 6 1
123 4 124 8 1
123 5 124 0 1
123 6 124 0 1
123 7 124 9 1
123 8 124 7 1
123 9 124 2 1
123 9 124 6 1
123 9 124 7 1
123 9 124 9 1
124 2 125 0 1
124 2 125 1 1
124 2 125 4 2
124 2 125 6 1
124 3 125 1 1
124 3 125 3 1
124 4 125 1 1
124 5 125 0 1
124 5 125 3 1
124 6 125 1 1
124 6 125 7 1
124 8 125 3 1
124 8 125 4 1
124 8 125 6 1
124 8 125 8 1
124 9 125 5 1
124 9 125 6 1
124 10 125 1 1
125 1 126 4 2
125 2 126 7 1
125 3 126 3 1
125 3 126 5 1
125 4 126 5 1
125 4 126 7 2
125 7 126 0 1
125 7 126 7 1
125 8 126 2 2
125 8 126 5 1
126 0 127 0 1
126 0 127 8 1
126 2 127 6 1
126 2 127 7 1
126 3 127 2 2
126 3 127 3 1
126 4 127 7 1
126 4 127 8 3
126 5 127 2 1
126 5 127 4 1
126 5 127 6 1
126 6 127 8 1
126 7 127 4 1
126 7 127 5 2
126 7 127 8 1
126 8 127 2 1
127 0 128 7 1
127 2 128 2 1
127 2 128 6 2
127 3 128 1 1
127 3 128 2 1
127 3 128 8 1
127 4 128 0 1
127 4 128 5 1
127 4 128 8 1
127 4 128 9 1
127 5 128 1 2
127 5 128 4 1
127 5 128 5 1
127 6 128 1 1
127 6 128 9 2
127 8 128 0 1
127 8 128 3 1
127 8 128 4 1
127 8 128 7 1
127 9 128 8 1
128 0 129 1 1
128 0 129 5 1
128 1 129 7 1
128 2 129 4 1
128 3 129 7 1
128 4 129 5 1
128 4 129 6 1
128 5 129 4 1
128 6 129 0 1
128 7 129 1 1
128 7 129 2 2
128 7 129 3 1
129 0 130 1 1
129 1 130 0 1
129 1 130 7 1
129 2 130 8 1
129 4 130 1 1
129 4 130 2 1
129 5 130 3 2
129 5 130 5 1
129 7 130 4 1
129 7 130 5 1
130 2 131 0 1
130 2 131 2 1
130 3 131 2 1
130 3 131 6 1
130 3 131 10 1
130 4 131 1 1
130 4 131 7 1
130 4 131 9 1
130 5 131 6 1
130 5 131 7 2
130 6 131 3 1
130 7 131 3 1
130 7 131 4 1
130 7 131 6 1
130 8 131 2 1
131 0 132 7 1
131 1 132 4 1
131 1 132 7 1
131 1 132 8 1
131 2 132 0 1
131 2 132 6 1
131 4 132 2 2
131 4 132 4 1
131 5 132 9 1
131 6 132 1 1
131 6 132 3 1
131 6 132 5 1
131 7 132 3 1
131 9 132 7 1
131 10 132 6 1
132 0 133 10 1
132 2 133 3 1
132 2 133 5 2
132 3 133 8 1
132 4 133 4 1
132 4 133 8 1
132 5 133 8 2
132 6 133 0 2
132 6 133 5 2
132 6 133 8 1
132 7 133 2 1
132 7 133 5 2
132 7 133 9 1
132 8 133 10 1
132 9 133 7 1
132 9 133 8 1
133 0 134 2 1
133 0 134 6 1
133 0 134 7 1
133 1 134 0 1
133 2 134 1 1
133 2 134 2 1
133 2 134 3 1
133 2 134 5 1
133 3 134 4 1
133 4 134 5 1
133 5 134 1 1
133 5 134 6 1
133 5 134 7 1
133 7 134 4 1
133 8 134 0 1
133 8 134 2 1
133 8 134 3 1
133 8 134 4 2
133 8 134 9 1
133 9 134 3 1
133 9 134 5 1
133 10 134 3 1
133 10 134 6 1
134 0 135 3 1
134 0 135 6 1
134 1 135 7 1
134 1 135 8 1
134 2 135 6 1
134 3 135 1 1
134 3 135 4 1
134 3 135 8 1
134 4 135 6 2
134 4 135 7 2
134 5 135 0 1
134 5 135 1 1
134 5 135 3 1
134 7 135 3 2
134 8 135 1 1
134 8 135 2 1
134 8 135 3 1
134 9 135 1 1
134 9 135 5 1
134 9 135 8 1
135 0 136 0 1
135 0 136 3 1
135 0 136 7 1
135 1 136 6 1
135 1 136 8 1
135 1 136 9 1
135 2 136 6 2
135 2 136 7 1
135 2 136 8 1
135 3 136 0 1
135 3 136 2 1
135 3 136 9 1
135 4 136 0 1
135 4 136 3 1
135 4 136 6 1
135 6 136 0 1
135 6 136 4 1
135 6 136 5 1
135 6 136 6 1
135 7 136 4 1
135 7 136 7 1
135 8 136 2 1
135 8 136 6 2
135 8 136 9 1
136 1 137 1 2
136 2 137 10 1
136 3 137 1 1
136 3 137 11 1
136 4 137 7 1
136 5 137 7 1
136 6 137 2 1
136 6 137 3 1
136 7 137 3 1
136 8 137 4 1
