0 0 1 2 1
0 0 1 7 1
0 0 1 11 1
0 0 1 15 1
0 0 1 17 1
0 1 1 1 1
0 1 1 2 1
0 1 1 7 1
0 2 1 0 1
0 2 1 6 3
0 2 1 9 1
0 2 1 10 1
0 2 1 15 1
0 3 1 3 1
0 3 1 7 1
0 3 1 11 1
0 3 1 16 1
0 4 1 2 1
0 4 1 7 1
0 4 1 9 1
0 4 1 15 1
0 5 1 2 2
0 5 1 3 1
0 5 1 5 1
0 5 1 6 1
0 6 1 5 2
0 7 1 0 1
0 7 1 1 1
0 7 1 4 1
0 7 1 6 1
0 7 1 9 1
0 8 1 1 2
0 8 1 6 1
0 8 1 10 1
0 8 1 12 1
0 9 1 0 1
0 9 1 1 2
0 9 1 13 2
0 9 1 16 1
0 9 1 17 1
1 0 2 0 1
1 1 2 2 1
1 1 2 3 2
1 1 2 4 1
1 1 2 5 2
1 1 2 6 2
1 1 2 8 1
1 2 2 5 2
1 2 2 6 1
1 2 2 7 1
1 2 2 8 2
1 3 2 7 1
1 3 2 8 1
1 4 2 6 1
1 4 2 7 1
1 5 2 0 3
1 5 2 1 1
1 5 2 3 1
1 5 2 4 1
1 5 2 5 2
1 5 2 7 1
1 5 2 8 1
1 6 2 0 1
1 6 2 1 1
1 6 2 4 2
1 6 2 7 4
1 7 2 1 1
1 7 2 4 1
1 7 2 6 1
1 7 2 7 1
1 7 2 8 1
1 8 2 2 1
1 8 2 4 1
1 8 2 7 1
1 9 2 0 2
1 9 2 1 1
1 9 2 3 2
1 10 2 0 2
1 10 2 2 2
1 10 2 3 1
1 10 2 7 1
1 10 2 8 1
1 11 2 4 1
1 12 2 7 1
1 13 2 0 1
1 13 2 6 1
1 14 2 2 1
1 15 2 2 1
1 15 2 7 1
1 16 2 2 1
1 17 2 5 1
1 17 2 6 1
1 17 2 7 1
1 17 2 8 1
2 0 3 0 3
2 0 3 4 2
2 0 3 6 1
2 0 3 8 2
2 0 3 9 2
2 1 3 1 1
2 1 3 2 1
2 2 3 0 1
2 2 3 4 1
2 2 3 7 1
2 2 3 8 2
2 3 3 0 1
2 3 3 1 1
2 3 3 5 1
2 3 3 7 1
2 3 3 8 1
2 4 3 2 1
2 4 3 5 1
2 4 3 6 1
2 4 3 9 1
2 5 3 1 1
2 5 3 4 1
2 5 3 7 2
2 5 3 8 1
2 5 3 9 1
2 6 3 3 1
2 6 3 4 1
2 6 3 9 1
2 7 3 1 1
2 7 3 5 3
2 7 3 6 2
2 7 3 7 1
2 7 3 8 1
2 8 3 1 2
2 8 3 2 1
2 8 3 3 2
2 8 3 4 1
2 8 3 7 1
2 8 3 9 1
3 0 4 1 1
3 0 4 5 1
3 0 4 9 1
3 0 4 10 1
3 0 4 12 1
3 1 4 4 1
3 2 4 6 1
3 3 4 0 1
3 3 4 5 1
3 3 4 9 1
3 3 4 11 1
3 4 4 3 1
3 4 4 4 1
3 5 4 2 1
3 6 4 2 1
3 6 4 7 2
3 6 4 9 1
3 6 4 11 1
3 6 4 12 1
3 7 4 2 1
3 7 4 3 1
3 7 4 7 1
3 7 4 11 1
3 7 4 12 1
3 8 4 5 1
3 8 4 6 1
3 8 4 7 1
3 9 4 1 1
3 9 4 9 1
4 0 5 11 1
4 0 5 12 1
4 1 5 0 1
4 1 5 2 1
4 1 5 8 2
4 1 5 9 2
4 1 5 12 2
4 2 5 3 1
4 3 5 1 1
4 3 5 6 1
4 3 5 12 1
4 4 5 3 1
4 4 5 7 1
4 5 5 3 1
4 5 5 5 1
4 5 5 7 2
4 5 5 8 2
4 6 5 3 1
4 6 5 5 1
4 6 5 9 1
4 7 5 7 1
4 7 5 11 1
4 7 5 12 2
4 8 5 12 1
4 9 5 4 1
4 9 5 8 3
4 9 5 9 1
4 9 5 14 2
4 10 5 0 1
4 11 5 8 1
4 11 5 14 1
4 12 5 0 1
4 12 5 2 2
4 12 5 6 1
5 0 6 0 1
5 0 6 6 1
5 0 6 8 1
5 1 6 1 2
5 1 6 12 1
5 1 6 13 1
5 2 6 1 1
5 4 6 3 1
5 4 6 5 1
5 4 6 6 1
5 5 6 0 1
5 5 6 7 1
5 5 6 8 1
5 5 6 12 1
5 6 6 8 1
5 6 6 10 1
5 6 6 13 1
5 7 6 1 1
5 7 6 5 1
5 7 6 6 1
5 7 6 11 1
5 8 6 6 3
5 8 6 11 1
5 8 6 12 1
5 8 6 13 1
5 9 6 1 1
5 9 6 4 1
5 9 6 9 2
5 9 6 12 1
5 10 6 1 1
5 10 6 9 1
5 10 6 12 1
5 11 6 0 1
5 11 6 8 1
5 12 6 1 2
5 12 6 4 2
5 13 6 10 1
5 14 6 7 2
6 1 7 1 1
6 1 7 2 1
6 1 7 3 1
6 1 7 4 1
6 3 7 3 1
6 5 7 0 1
6 5 7 1 1
6 5 7 2 1
6 5 7 4 1
6 5 7 5 1
6 6 7 5 1
6 7 7 4 1
6 8 7 0 1
6 8 7 3 1
6 9 7 1 1
6 9 7 4 1
6 10 7 1 1
6 10 7 5 2
6 11 7 2 1
6 12 7 3 2
6 13 7 0 2
7 0 8 3 1
7 1 8 0 1
7 2 8 3 1
7 3 8 2 1
7 3 8 3 1
7 4 8 0 1
7 4 8 2 1
7 5 8 0 1
7 5 8 1 1
8 0 9 1 1
8 0 9 2 1
8 0 9 11 1
8 0 9 13 1
8 0 9 15 2
8 1 9 16 1
8 2 9 2 1
8 3 9 3 1
8 3 9 6 1
8 3 9 11 2
8 3 9 15 1
9 0 10 3 2
9 0 10 6 1
9 0 10 10 1
9 1 10 3 1
9 1 10 4 1
9 1 10 8 2
9 1 10 9 1
9 2 10 5 1
9 2 10 6 1
9 3 10 1 1
9 3 10 9 1
9 4 10 0 1
9 4 10 1 1
9 4 10 2 2
9 4 10 3 1
9 4 10 6 1
9 4 10 8 3
9 4 10 10 1
9 5 10 0 1
9 5 10 1 2
9 5 10 5 2
9 5 10 6 1
9 5 10 10 2
9 6 10 0 2
9 6 10 1 1
9 6 10 5 1
9 6 10 7 1
9 6 10 8 1
9 8 10 0 1
9 8 10 2 1
9 8 10 3 1
9 8 10 9 1
9 9 10 0 1
9 9 10 3 1
9 9 10 7 1
9 9 10 9 1
9 10 10 1 1
9 10 10 6 2
9 10 10 7 2
9 10 10 10 1
9 11 10 0 1
9 11 10 2 1
9 11 10 3 1
9 11 10 10 1
9 12 10 1 1
9 12 10 7 1
9 12 10 9 1
9 13 10 1 1
9 13 10 2 1
9 13 10 3 1
9 13 10 10 1
9 14 10 1 1
9 14 10 2 2
9 14 10 5 1
9 14 10 8 1
9 14 10 10 2
9 15 10 5 1
9 15 10 6 2
9 15 10 7 2
9 15 10 8 1
9 15 10 9 3
9 16 10 3 1
9 16 10 8 1
10 0 11 3 2
10 0 11 6 2
10 0 11 13 1
10 1 11 3 1
10 1 11 6 2
10 2 11 0 1
10 2 11 3 1
10 2 11 6 1
10 2 11 10 1
10 2 11 11 1
10 3 11 1 1
10 3 11 3 2
10 3 11 7 1
10 3 11 13 2
10 4 11 1 1
10 4 11 3 1
10 5 11 4 1
10 5 11 6 1
10 5 11 12 1
10 6 11 3 1
10 6 11 4 1
10 6 11 6 1
10 6 11 9 1
10 6 11 13 1
10 7 11 5 1
10 7 11 8 1
10 7 11 9 1
10 8 11 3 3
10 8 11 4 3
10 8 11 6 3
10 9 11 2 2
10 9 11 3 1
10 9 11 13 3
10 10 11 12 1
10 10 11 13 2
11 0 12 2 1
11 1 12 2 2
11 1 12 5 1
11 2 12 5 1
11 3 12 1 2
11 3 12 6 1
11 4 12 3 2
11 5 12 0 1
11 5 12 4 1
11 6 12 2 1
11 6 12 3 1
11 7 12 0 1
11 7 12 4 1
11 8 12 2 1
11 9 12 3 1
11 10 12 2 1
11 10 12 5 2
11 11 12 0 2
11 11 12 1 1
11 12 12 1 1
11 13 12 0 1
11 13 12 6 1
12 0 13 2 1
12 0 13 4 1
12 1 13 6 1
12 1 13 10 1
12 2 13 1 1
12 2 13 4 1
12 2 13 5 2
12 3 13 1 1
12 3 13 2 1
12 3 13 3 1
12 4 13 0 1
12 4 13 4 1
12 5 13 0 1
12 5 13 11 2
12 5 13 13 1
12 6 13 10 1
13 0 14 0 3
13 0 14 2 1
13 0 14 6 2
13 0 14 15 1
13 1 14 10 1
13 1 14 11 1
13 1 14 12 1
13 1 14 16 1
13 2 14 5 2
13 2 14 8 1
13 2 14 12 1
13 2 14 13 1
13 2 14 15 1
13 3 14 1 1
13 3 14 6 1
13 3 14 8 1
13 3 14 13 1
13 3 14 14 1
13 3 14 15 1
13 4 14 0 1
13 4 14 2 2
13 4 14 5 1
13 4 14 8 1
13 4 14 11 1
13 4 14 14 1
13 4 14 16 1
13 5 14 1 1
13 5 14 3 2
13 5 14 7 2
13 5 14 11 1
13 6 14 5 1
13 6 14 8 1
13 6 14 14 1
13 7 14 3 1
13 7 14 5 1
13 7 14 7 1
13 7 14 16 1
13 8 14 3 1
13 9 14 2 1
13 9 14 4 1
13 9 14 15 1
13 10 14 4 1
13 10 14 14 1
13 11 14 1 1
13 11 14 3 1
13 11 14 5 1
13 12 14 7 1
13 13 14 1 1
13 13 14 16 1
13 14 14 0 1
13 14 14 1 1
13 14 14 2 2
13 14 14 11 1
14 0 15 0 1
14 0 15 4 1
14 0 15 6 1
14 0 15 7 1
14 0 15 8 1
14 1 15 0 1
14 1 15 6 1
14 1 15 9 1
14 2 15 1 1
14 2 15 2 1
14 2 15 5 1
14 3 15 2 1
14 3 15 3 2
14 3 15 5 1
14 3 15 7 1
14 3 15 8 1
14 3 15 9 1
14 4 15 6 1
14 5 15 2 1
14 5 15 5 2
14 5 15 8 1
14 6 15 2 1
14 6 15 7 1
14 6 15 8 1
14 7 15 2 1
14 7 15 5 1
14 7 15 8 1
14 7 15 9 1
14 8 15 2 1
14 8 15 4 1
14 8 15 5 1
14 8 15 8 1
14 9 15 7 1
14 10 15 5 1
14 10 15 6 1
14 11 15 1 2
14 11 15 3 1
14 11 15 8 1
14 12 15 2 2
14 12 15 4 1
14 12 15 8 1
14 12 15 9 1
14 13 15 0 1
14 13 15 4 1
14 13 15 7 1
14 14 15 0 1
14 14 15 4 1
14 14 15 6 1
14 15 15 0 1
14 15 15 2 2
14 15 15 3 1
14 16 15 6 1
15 0 16 0 1
15 0 16 1 2
15 0 16 5 1
15 0 16 7 1
15 1 16 1 1
15 1 16 5 3
15 2 16 0 1
15 2 16 1 1
15 2 16 6 1
15 2 16 7 1
15 3 16 5 1
15 3 16 7 1
15 4 16 2 1
15 4 16 6 1
15 5 16 0 1
15 5 16 2 1
15 5 16 3 1
15 6 16 1 1
15 6 16 5 1
15 7 16 2 1
15 7 16 4 1
15 7 16 6 2
15 8 16 2 1
15 8 16 3 1
15 8 16 6 1
15 9 16 0 1
15 9 16 3 1
15 9 16 4 1
15 9 16 5 1
16 0 17 2 1
16 0 17 3 1
16 0 17 4 1
16 0 17 6 1
16 0 17 7 1
16 1 17 1 1
16 1 17 4 1
16 1 17 8 1
16 2 17 2 2
16 2 17 3 1
16 3 17 0 1
16 3 17 6 1
16 4 17 6 2
16 4 17 7 1
16 5 17 1 1
16 5 17 2 1
16 5 17 3 1
16 5 17 4 4
16 6 17 3 1
16 6 17 4 1
16 6 17 5 1
16 6 17 8 1
16 7 17 4 1
16 7 17 6 1
16 7 17 7 1
16 7 17 8 1
17 0 18 0 2
17 1 18 2 1
17 1 18 6 1
17 2 18 2 1
17 2 18 3 1
17 3 18 4 1
17 3 18 7 1
17 4 18 1 1
17 4 18 2 1
17 4 18 4 1
17 5 18 5 2
17 6 18 0 1
17 6 18 3 1
17 6 18 4 1
17 6 18 5 1
17 6 18 6 1
17 7 18 0 1
17 7 18 3 1
17 7 18 4 1
17 7 18 7 2
17 8 18 0 1
17 8 18 2 1
17 8 18 3 1
17 8 18 6 1
17 8 18 7 1
18 0 19 0 1
18 0 19 8 1
18 0 19 9 1
18 0 19 10 1
18 0 19 11 1
18 0 19 12 1
18 0 19 13 1
18 1 19 8 1
18 2 19 2 1
18 2 19 6 1
18 2 19 10 2
18 3 19 2 1
18 3 19 7 2
18 3 19 12 1
18 4 19 4 1
18 4 19 6 1
18 4 19 12 1
18 5 19 0 1
18 5 19 2 1
18 5 19 4 1
18 5 19 6 2
18 5 19 9 1
18 5 19 12 1
18 5 19 13 1
18 6 19 1 1
18 6 19 4 2
18 6 19 8 1
18 6 19 10 1
18 7 19 0 1
18 7 19 4 1
18 7 19 6 1
18 7 19 7 1
18 7 19 10 1
18 7 19 12 1
19 2 20 4 1
19 3 20 3 1
19 4 20 0 1
19 4 20 4 3
19 4 20 6 1
19 5 20 2 1
19 5 20 7 1
19 6 20 0 2
19 6 20 1 1
19 6 20 2 2
19 6 20 6 1
19 7 20 2 1
19 8 20 1 1
19 8 20 5 1
19 8 20 7 1
19 9 20 7 1
19 10 20 4 2
19 10 20 6 2
19 11 20 0 2
19 11 20 1 1
19 11 20 7 1
19 12 20 6 1
19 13 20 1 1
19 13 20 2 1
19 13 20 3 1
20 0 21 3 2
20 0 21 6 2
20 0 21 7 1
20 1 21 0 1
20 1 21 8 2
20 2 21 0 1
20 2 21 3 1
20 2 21 8 1
20 2 21 9 1
20 3 21 0 1
20 3 21 8 1
20 4 21 0 1
20 4 21 1 1
20 4 21 3 1
20 4 21 4 1
20 4 21 8 1
20 5 21 5 1
20 5 21 6 1
20 6 21 1 1
20 6 21 5 1
20 7 21 4 1
20 7 21 7 1
20 7 21 8 3
21 0 22 1 1
21 1 22 1 1
21 1 22 9 2
21 2 22 9 1
21 3 22 3 1
21 4 22 8 1
21 4 22 9 2
21 5 22 7 2
21 5 22 8 1
21 6 22 5 1
21 6 22 9 2
21 8 22 8 1
21 8 22 9 2
21 9 22 2 1
22 0 23 1 1
22 2 23 4 1
22 4 23 5 1
22 5 23 0 1
22 5 23 1 1
22 5 23 5 1
22 7 23 2 1
22 8 23 1 1
22 9 23 0 1
22 9 23 1 2
23 0 24 0 1
23 0 24 9 1
23 1 24 1 1
23 3 24 2 1
23 3 24 4 1
23 4 24 0 1
23 4 24 3 1
23 5 24 7 1
23 5 24 8 1
24 0 25 0 1
24 0 25 2 1
24 0 25 6 1
24 2 25 6 1
24 3 25 1 1
24 3 25 3 1
24 4 25 0 1
24 4 25 3 1
24 5 25 4 1
24 5 25 7 1
24 6 25 2 1
24 8 25 4 1
24 8 25 6 1
24 9 25 1 1
24 9 25 7 1
25 0 26 1 1
25 0 26 2 1
25 0 26 3 1
25 0 26 17 1
25 1 26 8 1
25 1 26 19 2
25 2 26 3 1
25 2 26 5 2
25 2 26 6 1
25 2 26 10 1
25 3 26 0 1
25 3 26 5 1
25 3 26 12 1
25 3 26 19 1
25 4 26 2 1
25 4 26 6 1
25 4 26 10 1
25 4 26 12 1
25 4 26 16 1
25 5 26 2 1
25 5 26 7 1
25 5 26 8 1
25 5 26 9 1
25 5 26 16 1
25 5 26 17 1
25 6 26 0 1
25 6 26 3 1
25 6 26 5 1
25 6 26 7 1
25 6 26 8 1
25 6 26 10 1
25 6 26 12 1
25 7 26 2 2
25 7 26 20 1
26 0 27 1 3
26 0 27 2 1
26 0 27 15 2
26 1 27 2 2
26 1 27 5 1
26 1 27 14 2
26 2 27 4 2
26 2 27 5 2
26 2 27 9 4
26 2 27 10 1
26 2 27 12 1
26 2 27 15 1
26 2 27 17 1
26 3 27 3 1
26 3 27 9 1
26 3 27 12 1
26 3 27 13 2
26 5 27 2 2
26 5 27 4 1
26 5 27 5 1
26 5 27 6 2
26 5 27 8 1
26 5 27 9 2
26 5 27 11 1
26 5 27 17 1
26 5 27 18 2
26 6 27 4 1
26 6 27 13 1
26 6 27 16 1
26 7 27 1 1
26 7 27 11 1
26 8 27 0 2
26 8 27 6 1
26 8 27 10 1
26 8 27 13 2
26 8 27 16 2
26 8 27 17 1
26 9 27 9 1
26 9 27 15 1
26 9 27 16 1
26 10 27 0 1
26 10 27 1 1
26 10 27 5 1
26 10 27 6 2
26 10 27 11 1
26 10 27 13 1
26 11 27 2 1
26 12 27 3 1
26 13 27 1 1
26 13 27 5 1
26 13 27 9 1
26 13 27 11 1
26 13 27 14 1
26 13 27 15 1
26 14 27 1 1
26 14 27 5 1
26 14 27 6 1
26 14 27 8 1
26 14 27 15 1
26 15 27 0 1
26 15 27 3 3
26 15 27 8 1
26 15 27 11 1
26 15 27 12 1
26 15 27 17 1
26 15 27 18 1
26 16 27 9 1
26 16 27 13 1
26 16 27 17 1
26 17 27 18 2
26 18 27 4 1
26 18 27 12 1
26 18 27 13 1
26 18 27 18 1
26 19 27 0 2
26 19 27 4 2
26 19 27 5 1
26 19 27 9 1
26 19 27 14 1
26 19 27 15 1
26 20 27 1 1
26 20 27 12 2
26 20 27 13 1
26 20 27 16 1
27 0 28 4 1
27 0 28 6 1
27 1 28 3 1
27 4 28 0 2
27 4 28 3 1
27 4 28 4 1
27 5 28 3 1
27 5 28 5 1
27 8 28 5 1
27 9 28 1 1
27 9 28 3 1
27 9 28 6 2
27 10 28 2 1
27 10 28 3 1
27 11 28 0 1
27 11 28 2 2
27 11 28 3 1
27 11 28 5 1
27 12 28 2 1
27 14 28 0 1
27 14 28 2 1
27 15 28 0 1
27 16 28 1 1
27 16 28 5 1
27 17 28 3 1
27 18 28 3 1
28 0 29 1 1
28 0 29 2 1
28 0 29 3 1
28 1 29 1 1
28 1 29 6 1
28 2 29 2 1
28 2 29 6 1
28 2 29 7 1
28 3 29 1 1
28 3 29 5 1
28 4 29 0 1
28 5 29 2 1
28 5 29 5 1
28 6 29 4 1
29 1 30 0 2
29 2 30 2 1
29 2 30 4 1
29 2 30 6 1
29 3 30 1 1
29 3 30 3 1
29 5 30 0 1
29 5 30 3 1
29 7 30 2 1
29 7 30 4 2
29 8 30 4 1
30 1 31 1 1
30 2 31 1 1
30 3 31 2 1
30 4 31 1 1
30 4 31 3 1
31 0 32 0 1
31 0 32 1 1
31 0 32 2 1
31 1 32 0 2
31 2 32 4 1
31 2 32 10 1
31 3 32 1 1
32 0 33 0 1
32 0 33 1 1
32 0 33 5 1
32 0 33 7 2
32 1 33 0 1
32 1 33 3 1
32 1 33 4 1
32 1 33 5 2
32 1 33 7 1
32 2 33 0 1
32 2 33 2 1
32 3 33 4 1
32 3 33 5 1
32 3 33 7 1
32 4 33 3 1
32 4 33 6 1
32 6 33 3 2
32 6 33 6 1
32 6 33 7 1
32 7 33 0 1
32 7 33 4 1
32 8 33 2 1
32 8 33 6 1
32 10 33 3 1
32 10 33 4 1
32 10 33 5 1
32 10 33 6 2
32 10 33 7 1
32 11 33 2 1
32 11 33 3 1
32 11 33 4 2
32 11 33 7 1
32 12 33 7 1
32 13 33 1 1
32 13 33 4 1
32 14 33 6 1
32 15 33 1 1
32 15 33 4 1
32 15 33 6 1
32 15 33 8 2
32 16 33 0 1
32 16 33 3 1
32 16 33 4 1
32 16 33 6 1
33 0 34 0 1
33 0 34 3 1
33 0 34 4 1
33 0 34 5 1
33 0 34 7 1
33 1 34 0 1
33 1 34 1 1
33 1 34 2 1
33 1 34 4 2
33 1 34 7 1
33 2 34 1 1
33 2 34 9 1
33 3 34 0 1
33 3 34 7 1
33 3 34 9 1
33 4 34 1 2
33 4 34 2 1
33 4 34 8 3
33 4 34 9 1
33 4 34 10 1
33 5 34 6 3
33 6 34 0 1
33 6 34 1 1
33 6 34 4 2
33 6 34 5 1
33 7 34 1 1
33 7 34 4 1
33 7 34 7 1
33 7 34 9 2
33 8 34 1 1
34 0 35 0 1
34 0 35 7 1
34 1 35 0 1
34 1 35 1 1
34 1 35 5 2
34 1 35 6 1
34 2 35 0 1
34 2 35 2 1
34 2 35 3 1
34 2 35 7 1
34 3 35 6 1
34 4 35 1 1
34 4 35 6 1
34 4 35 7 1
34 5 35 1 1
34 6 35 3 1
34 7 35 2 1
34 7 35 3 2
34 7 35 7 1
34 8 35 2 1
34 8 35 3 1
34 8 35 5 2
34 9 35 0 1
34 9 35 3 2
34 9 35 4 2
34 9 35 5 1
34 9 35 7 1
34 10 35 0 1
34 10 35 2 1
34 10 35 3 1
34 10 35 4 1
34 10 35 5 2
35 0 36 4 2
35 1 36 0 2
35 1 36 4 1
35 2 36 2 1
35 3 36 0 1
35 3 36 1 1
35 3 36 3 1
35 3 36 4 1
35 3 36 8 1
35 3 36 9 1
35 3 36 10 1
35 4 36 2 1
35 4 36 3 1
35 4 36 5 1
35 5 36 8 1
35 5 36 10 1
35 6 36 3 1
35 7 36 3 1
35 7 36 9 1
35 7 36 10 1
36 1 37 5 1
36 2 37 0 1
36 2 37 6 1
36 2 37 7 4
36 4 37 0 1
36 4 37 2 1
36 4 37 4 1
36 4 37 5 1
36 6 37 0 1
36 6 37 3 1
36 6 37 8 2
36 7 37 2 1
36 7 37 6 1
36 9 37 3 1
36 9 37 8 1
36 10 37 0 1
37 1 38 1 1
37 2 38 1 1
37 2 38 6 1
37 5 38 0 1
37 5 38 3 1
37 7 38 1 1
37 7 38 5 1
37 8 38 6 1
38 0 39 5 1
38 0 39 7 2
38 0 39 8 1
38 1 39 1 1
38 2 39 0 1
38 2 39 7 1
38 3 39 7 1
38 6 39 0 2
38 6 39 7 1
38 7 39 6 1
38 8 39 0 1
39 0 40 7 2
39 0 40 9 2
39 1 40 0 1
39 1 40 3 1
39 1 40 8 1
39 2 40 2 1
39 3 40 7 1
39 4 40 0 1
39 4 40 8 1
39 5 40 3 1
39 5 40 7 1
39 6 40 0 1
39 7 40 2 1
39 7 40 7 1
39 8 40 2 1
39 9 40 2 1
39 10 40 5 1
40 0 41 2 1
40 2 41 0 1
40 2 41 1 1
40 2 41 2 1
40 3 41 2 1
40 5 41 0 2
40 7 41 1 2
40 8 41 0 2
40 8 41 2 1
40 9 41 0 1
40 9 41 3 2
41 0 42 6 1
41 1 42 1 1
41 1 42 2 1
42 2 43 5 1
42 4 43 2 1
42 4 43 3 1
42 5 43 9 2
42 6 43 4 1
42 6 43 9 1
42 7 43 4 1
43 0 44 0 1
43 0 44 1 1
43 0 44 2 1
43 2 44 3 1
43 2 44 4 1
43 3 44 0 2
43 3 44 1 1
43 3 44 2 2
43 3 44 4 1
43 4 44 0 1
43 4 44 3 1
43 5 44 4 2
43 8 44 1 2
43 8 44 2 1
43 8 44 4 1
43 9 44 3 2
44 0 45 4 1
44 1 45 4 1
44 1 45 6 1
44 2 45 0 1
44 2 45 2 1
44 2 45 4 1
44 4 45 1 1
44 4 45 3 1
45 0 46 2 1
45 1 46 5 2
45 1 46 6 1
45 1 46 11 1
45 1 46 13 1
45 2 46 1 1
45 2 46 2 1
45 2 46 3 1
45 4 46 5 1
45 4 46 6 1
45 5 46 7 1
45 5 46 11 2
45 6 46 5 1
45 6 46 8 1
45 6 46 10 1
45 6 46 13 1
46 0 47 1 1
46 1 47 2 1
46 3 47 5 1
46 3 47 7 1
46 4 47 0 1
46 4 47 2 1
46 4 47 4 1
46 4 47 5 2
46 5 47 2 1
46 5 47 3 1
46 5 47 4 1
46 6 47 5 1
46 7 47 4 1
46 7 47 6 1
46 7 47 7 1
46 8 47 1 1
46 8 47 3 1
46 9 47 1 1
46 9 47 4 1
46 10 47 0 1
46 10 47 1 1
46 11 47 3 1
46 12 47 2 1
46 12 47 6 1
46 13 47 0 1
46 13 47 1 1
46 13 47 4 2
46 13 47 5 1
46 13 47 6 1
47 0 48 1 1
47 0 48 9 1
47 0 48 12 1
47 0 48 13 1
47 1 48 7 1
47 1 48 12 1
47 1 48 13 1
47 2 48 2 1
47 2 48 4 1
47 2 48 6 2
47 3 48 2 1
47 3 48 6 1
47 3 48 8 1
47 4 48 0 1
47 4 48 3 1
47 4 48 5 1
47 4 48 8 1
47 4 48 14 1
47 5 48 4 1
47 5 48 6 1
47 5 48 12 1
47 6 48 0 1
47 6 48 2 2
47 6 48 6 1
47 6 48 10 1
47 7 48 1 1
47 7 48 2 2
47 7 48 4 1
48 0 49 4 1
48 1 49 6 1
48 2 49 0 1
48 2 49 3 1
48 2 49 4 1
48 3 49 1 1
48 3 49 2 2
48 3 49 5 1
48 4 49 2 1
48 4 49 3 1
48 4 49 6 1
48 6 49 3 1
48 6 49 4 1
48 7 49 2 1
48 7 49 5 1
48 8 49 0 1
48 9 49 7 1
48 10 49 7 1
48 11 49 3 1
48 12 49 0 2
48 12 49 4 2
48 12 49 7 1
48 14 49 0 1
48 14 49 3 1
48 14 49 4 1
48 14 49 6 1
49 0 50 2 1
49 0 50 6 1
49 2 50 1 1
49 2 50 8 1
49 3 50 0 1
49 3 50 2 1
49 4 50 0 3
49 4 50 3 1
49 5 50 5 1
49 6 50 2 1
49 6 50 4 1
49 7 50 0 2
49 7 50 2 1
49 7 50 3 1
49 7 50 4 1
50 0 51 3 1
50 0 51 5 1
50 1 51 0 2
50 1 51 3 1
50 1 51 7 1
50 2 51 2 1
50 2 51 3 1
50 2 51 9 1
50 3 51 0 1
50 3 51 1 1
50 3 51 3 1
50 3 51 7 1
50 3 51 8 1
50 4 51 2 1
50 4 51 8 2
50 5 51 1 1
50 5 51 7 1
50 5 51 10 3
50 5 51 12 1
50 6 51 0 2
50 6 51 1 1
50 6 51 3 1
50 6 51 8 1
50 7 51 3 1
50 7 51 4 1
50 7 51 8 1
50 8 51 1 1
50 8 51 3 1
50 8 51 7 2
51 0 52 2 1
51 0 52 4 1
51 1 52 2 1
51 1 52 5 1
51 1 52 6 2
51 1 52 7 2
51 2 52 1 1
51 2 52 5 1
51 3 52 1 1
51 3 52 3 1
51 3 52 4 1
51 3 52 7 2
51 3 52 8 1
51 5 52 0 1
51 5 52 1 1
51 5 52 4 1
51 7 52 1 2
51 7 52 2 1
51 7 52 6 1
51 7 52 7 2
51 8 52 3 1
51 8 52 4 1
51 8 52 8 1
51 9 52 8 1
51 11 52 1 1
51 11 52 2 1
51 11 52 8 2
51 12 52 3 2
51 12 52 8 2
52 0 53 6 1
52 1 53 2 3
52 1 53 4 1
52 1 53 6 2
52 1 53 7 1
52 1 53 8 1
52 1 53 9 2
52 2 53 0 1
52 2 53 2 1
52 2 53 6 1
52 2 53 7 1
52 2 53 9 2
52 3 53 4 2
52 3 53 6 1
52 3 53 7 1
52 4 53 2 1
52 4 53 3 1
52 4 53 5 2
52 4 53 6 1
52 4 53 8 2
52 5 53 1 1
52 5 53 4 1
52 6 53 2 2
52 6 53 5 2
52 6 53 6 1
52 7 53 0 2
52 7 53 4 1
52 7 53 7 1
52 8 53 0 1
52 8 53 1 1
52 8 53 2 1
52 8 53 4 1
52 8 53 6 1
52 8 53 7 1
53 0 54 0 1
53 0 54 2 1
53 2 54 0 2
53 2 54 1 2
53 2 54 2 1
53 3 54 1 1
53 4 54 0 1
53 4 54 2 1
53 5 54 2 1
53 6 54 0 2
53 6 54 1 1
53 7 54 0 1
53 7 54 3 1
53 8 54 0 1
54 0 55 0 1
54 0 55 3 1
54 0 55 5 1
54 1 55 1 1
54 1 55 4 1
54 2 55 3 1
54 2 55 7 1
54 3 55 1 1
54 3 55 6 1
55 0 56 2 1
55 1 56 1 1
55 3 56 2 1
55 3 56 3 1
55 4 56 0 1
55 5 56 3 1
55 7 56 0 2
55 7 56 1 1
56 0 57 1 1
56 0 57 4 1
56 1 57 0 1
56 1 57 6 2
56 2 57 4 1
56 2 57 5 1
56 2 57 6 1
56 3 57 3 1
56 4 57 2 1
57 0 58 4 1
57 0 58 9 1
57 1 58 0 1
57 1 58 9 1
57 1 58 11 1
57 2 58 0 1
57 2 58 4 1
57 2 58 7 1
57 2 58 8 1
57 2 58 9 1
57 2 58 13 1
57 3 58 2 1
57 3 58 10 1
57 3 58 12 1
57 4 58 3 1
57 4 58 4 1
57 4 58 12 1
57 5 58 10 1
57 6 58 1 1
57 6 58 4 1
57 6 58 8 1
57 6 58 12 1
57 6 58 13 3
58 1 59 5 1
58 1 59 6 2
58 2 59 1 1
58 2 59 2 3
58 3 59 5 1
58 4 59 5 2
58 5 59 0 2
58 5 59 3 1
58 7 59 6 1
58 8 59 8 1
58 9 59 2 1
58 9 59 4 1
58 10 59 0 1
58 10 59 2 1
58 11 59 8 1
58 12 59 3 3
58 12 59 5 1
58 12 59 8 1
58 13 59 2 1
58 13 59 5 2
59 0 60 0 1
59 0 60 7 1
59 0 60 10 1
59 1 60 10 2
59 2 60 0 1
59 2 60 3 1
59 2 60 4 1
59 2 60 7 1
59 2 60 9 2
59 3 60 1 3
59 3 60 3 2
59 3 60 5 1
59 3 60 7 1
59 3 60 9 1
59 4 60 1 1
59 4 60 3 2
59 4 60 10 1
59 5 60 0 1
59 5 60 1 1
59 5 60 3 1
59 5 60 7 1
59 5 60 8 1
59 5 60 9 2
59 6 60 2 2
59 7 60 1 1
59 7 60 10 1
60 0 61 5 1
60 0 61 8 1
60 1 61 9 1
60 1 61 10 1
60 2 61 1 1
60 2 61 6 1
60 2 61 9 2
60 2 61 10 1
60 3 61 2 1
60 3 61 3 3
60 3 61 4 1
60 4 61 4 1
60 4 61 5 1
60 4 61 6 1
60 5 61 2 1
60 5 61 3 1
60 5 61 8 2
60 6 61 3 2
60 6 61 5 1
60 6 61 6 1
60 7 61 1 1
60 8 61 0 1
60 8 61 1 1
60 9 61 1 1
60 9 61 3 1
60 10 61 0 1
60 10 61 5 1
60 10 61 10 1
61 0 62 4 1
61 0 62 5 2
61 0 62 6 1
61 1 62 9 1
61 2 62 3 4
61 2 62 5 1
61 3 62 2 1
61 3 62 7 1
61 4 62 5 1
61 5 62 0 2
61 5 62 4 1
61 5 62 5 1
61 5 62 6 2
61 6 62 4 1
61 7 62 3 1
61 8 62 2 1
61 8 62 6 1
61 9 62 1 1
61 9 62 9 1
61 10 62 1 1
62 1 63 0 1
62 5 63 2 1
62 5 63 4 1
62 6 63 2 1
62 6 63 3 1
62 7 63 2 1
62 9 63 3 1
63 0 64 1 2
63 0 64 12 1
63 1 64 0 1
63 1 64 1 1
63 1 64 2 1
63 1 64 8 1
63 1 64 11 1
63 2 64 0 1
63 2 64 2 2
63 2 64 11 2
63 3 64 0 1
63 3 64 2 2
63 3 64 5 1
63 3 64 6 1
63 3 64 9 2
63 3 64 10 1
63 4 64 0 4
63 4 64 7 1
63 4 64 8 1
64 0 65 0 1
64 0 65 1 3
64 0 65 2 1
64 0 65 4 1
64 0 65 6 2
64 0 65 7 1
64 0 65 8 1
64 0 65 9 2
64 0 65 10 1
64 1 65 2 1
64 1 65 4 1
64 1 65 7 1
64 1 65 8 1
64 1 65 9 1
64 2 65 2 1
64 2 65 3 1
64 2 65 5 2
64 3 65 0 1
64 3 65 3 1
64 3 65 7 1
64 4 65 1 1
64 4 65 5 1
64 5 65 9 1
64 6 65 4 3
64 7 65 0 1
64 7 65 1 1
64 8 65 2 1
64 8 65 5 1
64 8 65 6 1
64 8 65 9 2
64 9 65 0 2
64 9 65 2 1
64 9 65 5 1
64 9 65 6 1
64 9 65 8 1
64 9 65 9 1
64 10 65 5 1
64 11 65 5 1
64 11 65 6 1
64 11 65 7 1
64 11 65 8 1
64 12 65 6 1
64 12 65 9 1
64 13 65 7 2
65 0 66 2 1
65 0 66 4 1
65 1 66 1 1
65 1 66 2 2
65 1 66 4 1
65 2 66 3 1
65 2 66 6 1
65 2 66 9 1
65 2 66 10 1
65 3 66 2 1
65 3 66 3 1
65 3 66 5 1
65 3 66 6 2
65 3 66 7 1
65 4 66 6 1
65 4 66 9 1
65 4 66 13 1
65 5 66 1 1
65 5 66 5 1
65 5 66 6 1
65 5 66 9 1
65 5 66 10 1
65 5 66 11 2
65 5 66 13 1
65 6 66 5 1
65 6 66 6 1
65 6 66 10 3
65 6 66 11 1
65 6 66 12 1
65 6 66 13 1
65 6 66 14 1
65 7 66 0 1
65 7 66 5 1
65 8 66 0 2
65 8 66 3 1
65 8 66 4 2
65 8 66 6 1
65 8 66 8 1
65 8 66 11 1
65 9 66 9 2
65 9 66 14 4
65 10 66 4 1
65 10 66 12 1
66 3 67 1 1
66 4 67 3 1
66 6 67 0 1
66 10 67 2 2
66 11 67 1 1
66 13 67 2 1
66 14 67 0 1
67 0 68 2 1
67 0 68 7 1
67 1 68 2 1
67 1 68 6 1
67 1 68 8 1
67 2 68 6 1
67 2 68 9 1
67 3 68 0 1
68 0 69 3 1
68 0 69 5 1
68 1 69 0 1
68 2 69 1 1
68 2 69 2 1
68 2 69 4 1
68 3 69 4 1
68 6 69 4 1
68 8 69 2 2
68 9 69 0 2
68 9 69 1 1
68 9 69 3 1
69 0 70 2 1
69 0 70 7 2
69 1 70 2 2
69 1 70 9 1
69 2 70 1 1
69 2 70 3 1
69 2 70 5 1
69 2 70 6 1
69 3 70 4 1
69 3 70 5 1
69 3 70 9 2
69 4 70 0 1
69 4 70 1 2
69 4 70 2 2
69 4 70 5 1
69 5 70 2 1
69 5 70 3 1
69 5 70 8 1
70 0 71 3 1
70 0 71 4 1
70 0 71 7 1
70 0 71 8 1
70 1 71 3 1
70 1 71 4 1
70 1 71 6 1
70 2 71 0 1
70 2 71 2 1
70 2 71 4 2
70 2 71 5 1
70 2 71 8 2
70 3 71 0 1
70 3 71 3 1
70 3 71 4 1
70 4 71 0 1
70 4 71 1 1
70 4 71 3 2
70 4 71 5 1
70 4 71 8 3
70 5 71 0 1
70 5 71 1 1
70 5 71 3 1
70 5 71 4 2
70 5 71 8 1
70 6 71 2 1
70 6 71 4 1
70 6 71 8 1
70 7 71 1 1
70 7 71 6 1
70 9 71 0 1
70 9 71 6 1
70 9 71 7 1
70 9 71 8 1
71 0 72 3 1
71 0 72 5 1
71 0 72 6 2
71 0 72 10 1
71 1 72 0 2
71 1 72 1 2
71 1 72 3 1
71 1 72 5 1
71 1 72 9 1
71 2 72 2 1
71 3 72 0 1
71 3 72 6 1
71 3 72 9 3
71 4 72 0 1
71 4 72 3 1
71 4 72 4 2
71 4 72 5 1
71 4 72 6 1
71 4 72 8 2
71 5 72 7 1
71 5 72 9 1
71 6 72 1 1
71 6 72 6 1
71 6 72 10 1
71 7 72 4 1
71 7 72 5 1
71 7 72 6 1
71 7 72 8 1
71 8 72 0 1
71 8 72 1 1
71 8 72 2 1
71 8 72 3 2
71 8 72 6 2
71 8 72 10 1
72 0 73 2 1
72 1 73 4 1
72 3 73 2 1
72 3 73 4 1
72 4 73 1 1
72 5 73 0 1
72 5 73 1 1
72 5 73 5 1
72 6 73 0 1
72 6 73 2 1
72 8 73 0 2
72 8 73 1 1
72 8 73 3 2
72 9 73 3 1
72 9 73 4 1
72 9 73 5 1
73 0 74 1 1
73 0 74 4 1
73 0 74 7 1
73 0 74 8 1
73 1 74 0 1
73 1 74 1 1
73 2 74 4 1
73 2 74 5 1
73 2 74 7 1
73 3 74 1 1
73 3 74 4 1
73 3 74 5 1
73 3 74 8 1
73 4 74 4 1
73 4 74 5 1
73 5 74 7 2
74 1 75 3 1
74 2 75 3 1
74 3 75 3 1
74 4 75 1 2
74 4 75 3 1
74 5 75 1 1
74 5 75 3 1
74 7 75 1 1
75 0 76 0 1
75 0 76 3 2
75 0 76 9 1
75 1 76 0 1
75 1 76 2 1
75 1 76 9 1
75 1 76 10 1
75 2 76 9 1
75 2 76 11 1
75 3 76 0 2
75 3 76 2 1
75 3 76 4 1
75 3 76 6 1
75 3 76 11 1
75 4 76 7 1
76 0 77 1 1
76 0 77 5 2
76 0 77 7 1
76 0 77 8 1
76 1 77 2 1
76 1 77 4 1
76 1 77 5 1
76 1 77 6 1
76 2 77 5 2
76 2 77 8 1
76 3 77 2 1
76 3 77 5 1
76 3 77 6 1
76 4 77 0 1
76 4 77 4 1
76 4 77 6 1
76 5 77 1 1
76 5 77 5 1
76 6 77 2 1
76 6 77 3 1
76 6 77 6 1
76 7 77 5 1
76 7 77 6 1
76 8 77 4 1
76 8 77 8 1
76 9 77 0 1
76 9 77 8 1
76 10 77 6 1
76 11 77 0 1
76 11 77 6 2
77 0 78 3 2
77 0 78 6 1
77 1 78 4 1
77 1 78 11 1
77 2 78 0 1
77 2 78 2 1
77 3 78 6 1
77 4 78 0 2
77 4 78 8 1
77 4 78 13 1
77 5 78 2 2
77 5 78 5 1
77 6 78 6 1
77 6 78 10 2
77 6 78 13 1
77 7 78 8 1
77 8 78 10 1
78 0 79 0 2
78 0 79 1 1
78 0 79 3 1
78 0 79 5 2
78 0 79 6 1
78 1 79 5 1
78 2 79 2 1
78 2 79 3 1
78 3 79 0 1
78 3 79 2 1
78 3 79 3 1
78 4 79 0 1
78 5 79 6 1
78 7 79 1 1
78 7 79 3 1
78 7 79 5 1
78 8 79 2 1
78 8 79 4 1
78 11 79 0 1
78 11 79 4 1
78 11 79 5 1
78 12 79 5 1
78 13 79 1 1
79 0 80 3 1
79 0 80 8 2
79 1 80 3 1
79 1 80 8 1
79 2 80 0 1
79 3 80 0 1
79 4 80 2 1
79 4 80 3 1
79 4 80 4 1
79 5 80 7 1
79 5 80 8 1
79 5 80 9 1
79 6 80 0 1
79 6 80 2 1
80 0 81 1 1
80 0 81 2 1
80 0 81 5 1
80 1 81 5 1
80 2 81 1 2
80 2 81 3 1
80 2 81 6 1
80 3 81 6 1
80 4 81 0 2
80 4 81 4 1
80 5 81 2 1
80 5 81 3 1
80 6 81 2 1
80 6 81 4 1
80 6 81 6 1
80 7 81 4 1
80 8 81 3 1
80 8 81 7 1
80 9 81 2 1
81 0 82 3 1
81 1 82 2 1
81 1 82 4 1
81 3 82 4 1
81 4 82 1 1
81 4 82 4 1
81 5 82 1 1
81 7 82 0 1
82 0 83 1 1
82 0 83 14 1
82 1 83 5 1
82 1 83 9 1
82 3 83 6 1
82 4 83 9 1
82 4 83 11 1
82 4 83 14 2
83 1 84 2 2
83 2 84 4 1
83 3 84 0 1
83 3 84 4 1
83 5 84 1 1
83 6 84 1 1
83 7 84 2 1
83 8 84 2 1
83 9 84 0 1
83 10 84 1 1
83 11 84 1 1
83 11 84 6 1
83 12 84 1 1
83 12 84 3 1
83 13 84 6 1
83 14 84 0 2
83 14 84 1 1
83 14 84 2 1
83 14 84 3 1
84 0 85 1 1
84 1 85 2 2
84 1 85 8 1
84 2 85 1 1
84 2 85 4 2
84 2 85 5 1
84 2 85 6 1
84 3 85 2 1
84 3 85 3 1
84 3 85 4 1
84 3 85 6 1
84 4 85 0 1
84 4 85 1 1
84 4 85 7 1
84 5 85 0 1
84 5 85 7 1
84 6 85 0 1
84 6 85 4 1
84 6 85 5 1
84 6 85 6 1
84 6 85 7 1
85 0 86 1 1
85 0 86 3 2
85 1 86 3 1
85 2 86 2 1
85 2 86 3 1
85 2 86 4 1
85 3 86 0 1
85 3 86 2 1
85 3 86 3 1
85 4 86 2 1
85 4 86 3 1
85 5 86 0 1
85 5 86 1 1
85 5 86 2 1
85 6 86 0 1
85 6 86 4 1
85 7 86 1 1
85 7 86 2 1
85 7 86 3 1
85 8 86 1 1
85 8 86 4 2
86 0 87 1 1
86 0 87 4 2
86 0 87 5 1
86 1 87 2 1
86 1 87 6 1
86 2 87 1 1
86 2 87 5 1
86 2 87 6 1
86 3 87 1 1
86 3 87 5 3
86 4 87 0 1
86 4 87 4 1
86 4 87 7 1
87 2 88 4 1
87 5 88 2 1
87 5 88 4 1
87 5 88 5 1
87 6 88 1 1
87 6 88 6 1
87 6 88 7 1
87 7 88 4 1
88 0 89 6 2
88 1 89 1 1
88 1 89 2 1
88 2 89 3 1
88 2 89 7 2
88 3 89 0 1
88 3 89 2 1
88 3 89 5 1
88 3 89 7 1
88 4 89 3 1
88 4 89 6 1
88 5 89 4 1
88 6 89 0 1
88 6 89 1 1
88 7 89 0 1
88 7 89 3 1
89 0 90 1 1
89 1 90 0 2
89 1 90 4 1
89 2 90 0 1
89 2 90 1 1
89 2 90 4 2
89 3 90 0 2
89 3 90 6 2
89 5 90 1 1
89 5 90 5 1
89 6 90 3 1
89 7 90 3 1
89 7 90 6 1
90 0 91 2 1
90 0 91 5 3
90 0 91 8 1
90 0 91 11 2
90 1 91 1 1
90 1 91 3 1
90 1 91 4 1
90 1 91 5 1
90 1 91 6 1
90 1 91 12 1
90 1 91 13 1
90 2 91 0 1
90 2 91 9 1
90 3 91 0 1
90 3 91 2 1
90 3 91 6 1
90 3 91 14 1
90 4 91 2 1
90 4 91 4 1
90 4 91 5 1
90 4 91 7 1
90 4 91 13 1
90 5 91 2 2
90 5 91 3 2
90 5 91 6 1
90 5 91 14 1
90 6 91 2 1
90 6 91 9 1
90 6 91 12 1
90 6 91 13 1
90 6 91 14 1
91 1 92 4 1
91 2 92 1 1
91 2 92 2 2
91 2 92 4 1
91 4 92 3 2
91 5 92 3 1
91 5 92 4 1
91 8 92 0 1
91 11 92 5 1
91 13 92 5 1
91 14 92 0 1
91 14 92 5 1
92 0 93 1 1
92 0 93 4 1
92 2 93 7 1
92 3 93 1 1
92 3 93 2 1
92 5 93 0 1
92 5 93 3 1
92 5 93 7 1
93 0 94 0 1
93 0 94 3 1
93 0 94 6 1
93 1 94 2 2
93 2 94 6 1
93 3 94 0 1
93 3 94 4 1
93 4 94 0 1
93 4 94 1 1
93 4 94 6 1
93 5 94 1 1
93 5 94 3 1
93 6 94 0 1
93 6 94 2 1
93 6 94 5 1
93 6 94 7 1
93 7 94 1 2
93 7 94 2 1
93 7 94 3 1
93 7 94 7 1
93 7 94 8 1
94 0 95 9 1
94 0 95 12 1
94 0 95 13 1
94 0 95 15 1
94 0 95 16 1
94 0 95 17 1
94 1 95 11 1
94 1 95 13 2
94 1 95 16 1
94 2 95 0 1
94 2 95 3 1
94 2 95 5 1
94 2 95 8 1
94 2 95 13 1
94 2 95 16 1
94 2 95 17 1
94 2 95 18 1
94 3 95 2 1
94 3 95 3 1
94 3 95 4 1
94 3 95 7 1
94 3 95 18 2
94 4 95 9 1
94 4 95 15 1
94 4 95 16 2
94 5 95 0 2
94 5 95 1 1
94 5 95 5 1
94 5 95 6 1
94 5 95 17 1
94 6 95 3 1
94 6 95 12 2
94 6 95 13 1
94 6 95 14 4
94 7 95 1 1
94 7 95 3 2
94 7 95 7 1
94 7 95 12 1
94 7 95 14 1
94 8 95 5 1
94 8 95 6 1
94 8 95 9 1
94 8 95 14 2
94 8 95 16 1
94 8 95 17 1
94 8 95 18 1
94 9 95 0 1
94 9 95 3 1
94 9 95 6 1
94 9 95 9 1
94 9 95 15 1
95 0 96 3 1
95 0 96 6 1
95 0 96 8 1
95 1 96 2 1
95 1 96 4 1
95 3 96 2 1
95 3 96 8 1
95 4 96 0 1
95 6 96 7 1
95 7 96 0 1
95 7 96 8 1
95 8 96 4 1
95 9 96 2 1
95 9 96 6 1
95 12 96 0 1
95 12 96 3 1
95 12 96 4 1
95 13 96 4 1
95 13 96 5 1
95 13 96 8 1
95 14 96 0 1
95 15 96 0 1
95 16 96 3 1
95 16 96 4 1
95 16 96 8 1
95 17 96 8 1
95 18 96 3 1
96 0 97 11 1
96 0 97 13 1
96 0 97 14 1
96 2 97 1 1
96 2 97 6 1
96 3 97 3 1
96 3 97 6 1
96 3 97 7 1
96 3 97 8 1
96 4 97 2 1
96 4 97 8 1
96 4 97 12 1
96 5 97 9 1
96 6 97 11 2
96 7 97 0 1
96 8 97 0 2
96 8 97 3 1
96 8 97 9 1
97 1 98 1 1
97 1 98 4 1
97 1 98 7 2
97 2 98 2 1
97 3 98 2 1
97 3 98 4 1
97 3 98 7 1
97 5 98 5 1
97 5 98 7 1
97 7 98 1 1
97 8 98 0 1
97 8 98 1 1
97 8 98 3 1
97 9 98 1 1
97 10 98 1 1
97 10 98 4 1
97 11 98 4 1
97 11 98 5 1
97 11 98 7 1
97 13 98 1 1
97 13 98 7 2
97 14 98 7 1
97 15 98 0 1
97 15 98 7 1
97 16 98 5 1
97 16 98 6 1
98 0 99 5 2
98 1 99 1 1
98 1 99 2 3
98 1 99 3 1
98 2 99 6 1
98 2 99 7 1
98 2 99 10 1
98 3 99 2 2
98 3 99 7 1
98 4 99 1 1
98 4 99 3 1
98 4 99 8 1
98 4 99 9 1
98 4 99 10 1
98 4 99 11 1
98 5 99 0 1
98 5 99 5 1
98 5 99 10 1
98 6 99 2 1
98 6 99 8 2
98 7 99 0 1
98 7 99 2 1
98 7 99 4 1
98 7 99 9 1
98 7 99 10 1
99 0 100 1 1
99 0 100 5 1
99 0 100 7 1
99 1 100 1 2
99 1 100 2 1
99 1 100 8 2
99 1 100 9 1
99 2 100 0 1
99 2 100 2 2
99 2 100 3 1
99 2 100 4 1
99 2 100 8 1
99 2 100 9 1
99 3 100 2 1
99 3 100 4 1
99 4 100 4 1
99 4 100 5 1
99 4 100 8 1
99 5 100 0 1
99 5 100 1 1
99 5 100 7 1
99 6 100 6 1
99 6 100 7 1
99 6 100 9 1
99 8 100 3 1
99 9 100 2 2
99 9 100 3 1
99 9 100 7 1
99 9 100 8 1
99 10 100 1 1
99 10 100 5 1
99 10 100 6 1
99 10 100 9 1
99 11 100 5 1
99 11 100 6 1
100 2 101 1 1
100 3 101 7 1
100 4 101 8 1
100 5 101 0 1
100 5 101 1 3
100 6 101 5 1
100 7 101 1 1
100 7 101 5 1
100 8 101 0 1
100 8 101 7 2
100 9 101 0 1
101 0 102 0 1
101 0 102 5 1
101 1 102 4 1
101 2 102 0 2
101 2 102 1 1
101 2 102 5 1
101 3 102 1 1
101 4 102 4 2
101 4 102 5 1
101 5 102 1 1
101 6 102 2 1
101 6 102 6 2
101 7 102 1 1
101 7 102 6 1
101 8 102 1 1
101 8 102 4 1
102 0 103 0 2
102 0 103 2 1
102 0 103 3 1
102 0 103 6 1
102 1 103 8 1
102 4 103 0 1
102 4 103 2 1
102 4 103 3 1
102 5 103 2 1
102 5 103 3 1
102 5 103 6 1
102 6 103 3 1
103 0 104 2 1
103 0 104 3 1
103 1 104 8 2
103 2 104 1 2
103 2 104 2 1
103 2 104 6 1
103 3 104 3 1
103 3 104 4 1
103 3 104 8 2
103 4 104 6 1
103 4 104 8 1
103 5 104 1 1
103 5 104 5 1
103 5 104 8 1
103 6 104 2 1
103 6 104 3 1
103 6 104 4 1
103 6 104 5 1
103 7 104 4 1
103 7 104 5 1
103 8 104 3 1
104 0 105 5 1
104 0 105 11 1
104 1 105 5 1
104 1 105 13 2
104 2 105 2 1
104 2 105 7 1
104 2 105 10 1
104 2 105 13 1
104 2 105 14 1
104 3 105 1 1
104 3 105 3 1
104 4 105 1 1
104 4 105 4 1
104 4 105 5 1
104 4 105 11 1
104 5 105 0 1
104 5 105 3 1
104 6 105 0 1
104 6 105 4 1
104 6 105 5 1
104 6 105 13 1
104 7 105 7 1
104 7 105 12 1
104 8 105 2 2
104 8 105 6 1
104 8 105 9 1
104 8 105 10 1
104 8 105 11 1
104 8 105 13 1
105 0 106 1 1
105 0 106 3 1
105 2 106 2 1
105 2 106 4 1
105 4 106 2 2
105 5 106 0 1
105 5 106 2 1
105 5 106 6 1
105 6 106 0 1
105 6 106 5 1
105 7 106 3 1
105 8 106 6 1
105 9 106 6 1
105 11 106 6 1
105 12 106 2 1
105 12 106 4 2
105 13 106 0 1
105 13 106 3 1
105 13 106 6 1
105 14 106 3 1
106 0 107 5 1
106 0 107 6 1
106 1 107 6 1
106 2 107 5 1
106 3 107 1 1
106 3 107 2 1
106 4 107 1 1
106 6 107 1 2
106 6 107 3 1
107 0 108 1 1
107 0 108 4 1
107 1 108 0 1
107 1 108 1 1
107 1 108 2 1
107 1 108 4 1
107 2 108 4 1
107 3 108 0 1
107 3 108 1 2
107 5 108 2 2
107 5 108 4 1
107 6 108 0 1
107 6 108 1 2
108 0 109 6 1
108 1 109 6 1
108 2 109 4 3
108 2 109 7 1
108 4 109 0 1
108 4 109 4 1
108 5 109 3 1
108 5 109 5 1
109 0 110 1 1
109 1 110 7 1
109 1 110 8 1
109 2 110 4 1
109 3 110 7 1
109 3 110 9 1
109 4 110 0 2
109 4 110 4 2
109 4 110 6 1
109 5 110 1 1
109 6 110 2 1
109 7 110 1 1
109 7 110 6 2
110 0 111 0 1
110 0 111 3 2
110 0 111 8 1
110 0 111 15 2
110 1 111 2 1
110 1 111 9 1
110 1 111 11 1
110 1 111 13 1
110 1 111 16 1
110 2 111 9 1
110 3 111 11 2
110 3 111 13 1
110 4 111 5 1
110 4 111 12 1
110 5 111 6 1
110 5 111 8 1
110 5 111 10 1
110 6 111 5 1
110 6 111 14 1
110 7 111 1 1
110 7 111 3 1
110 7 111 12 1
110 7 111 15 1
110 7 111 16 1
110 8 111 2 1
110 8 111 7 2
110 8 111 13 1
110 8 111 14 1
110 8 111 16 1
110 9 111 1 1
110 9 111 5 1
110 9 111 9 1
111 0 112 6 1
111 0 112 7 1
111 1 112 0 1
111 1 112 4 1
111 2 112 5 2
111 3 112 0 1
111 3 112 6 1
111 4 112 5 1
111 5 112 0 1
111 6 112 0 1
111 6 112 6 1
111 7 112 7 1
111 9 112 0 1
111 11 112 0 1
111 11 112 2 1
111 12 112 2 1
111 13 112 7 1
111 14 112 1 1
111 15 112 8 1
111 16 112 5 1
111 16 112 6 2
112 0 113 6 2
112 1 113 8 2
112 2 113 10 1
112 3 113 2 1
112 4 113 3 1
112 5 113 4 1
112 5 113 6 1
112 6 113 3 1
112 6 113 5 1
113 0 114 3 2
113 1 114 0 1
113 2 114 3 1
113 4 114 0 1
113 4 114 2 1
113 5 114 5 1
113 6 114 1 1
113 6 114 5 1
113 8 114 0 1
113 9 114 2 1
113 9 114 3 1
113 10 114 0 2
113 12 114 2 1
114 0 115 0 1
114 0 115 4 1
114 0 115 8 1
114 0 115 9 1
114 1 115 0 1
114 1 115 5 1
114 1 115 9 1
114 2 115 8 1
114 2 115 10 1
114 3 115 0 1
114 3 115 3 1
114 3 115 4 2
114 3 115 10 1
114 4 115 4 1
114 4 115 8 1
114 5 115 10 2
115 0 116 3 2
115 0 116 6 1
115 0 116 9 1
115 2 116 7 1
115 3 116 2 1
115 3 116 6 1
115 4 116 4 1
115 4 116 5 1
115 4 116 6 1
115 5 116 6 2
115 6 116 7 1
115 7 116 6 1
115 7 116 7 1
115 7 116 9 2
115 8 116 1 2
115 8 116 4 1
115 8 116 6 1
115 9 116 0 1
115 9 116 5 1
115 9 116 6 2
115 10 116 1 3
115 10 116 3 1
115 10 116 6 1
115 10 116 8 1
116 0 117 3 2
116 1 117 4 1
116 1 117 5 1
116 2 117 0 1
116 2 117 3 1
116 3 117 2 1
116 3 117 3 1
116 4 117 3 1
116 5 117 7 1
116 6 117 1 1
116 6 117 4 2
116 6 117 6 1
116 6 117 7 1
116 7 117 1 1
116 7 117 6 1
116 8 117 1 1
116 8 117 4 1
116 8 117 6 1
116 9 117 5 1
116 9 117 6 1
117 0 118 1 1
117 0 118 6 1
117 0 118 7 1
117 0 118 8 1
117 1 118 2 1
117 1 118 3 1
117 1 118 6 3
117 2 118 0 1
117 2 118 5 1
117 3 118 0 1
117 3 118 3 2
117 3 118 5 1
117 3 118 7 1
117 4 118 8 2
117 5 118 1 1
117 5 118 3 1
117 5 118 7 1
117 6 118 2 1
117 7 118 4 1
117 7 118 5 1
117 7 118 6 1
118 0 119 0 1
118 0 119 1 1
118 0 119 5 1
118 1 119 1 1
118 3 119 5 2
118 5 119 0 1
118 5 119 1 1
118 5 119 4 1
118 6 119 2 1
118 7 119 4 1
118 8 119 0 1
119 4 120 0 1
119 5 120 2 2
120 0 121 12 1
120 1 121 11 1
120 2 121 2 1
120 2 121 6 2
121 0 122 3 1
121 0 122 7 1
121 1 122 2 1
121 1 122 3 2
121 1 122 4 1
121 2 122 1 2
121 2 122 4 2
121 3 122 3 1
121 4 122 2 2
121 4 122 4 1
121 4 122 5 1
121 5 122 5 1
121 5 122 7 1
121 6 122 2 1
121 7 122 1 1
121 7 122 4 1
121 8 122 2 2
121 8 122 4 1
121 8 122 5 1
121 9 122 0 1
121 9 122 4 1
121 10 122 0 1
121 10 122 1 2
121 10 122 3 1
121 11 122 6 1
121 12 122 2 1
121 12 122 5 1
121 13 122 0 1
121 13 122 5 1
121 14 122 1 1
121 14 122 3 2
121 15 122 1 1
122 0 123 0 2
122 0 123 5 2
122 1 123 1 1
122 1 123 2 1
122 2 123 5 1
122 3 123 0 1
122 3 123 1 1
122 3 123 2 2
122 3 123 5 1
122 3 123 6 2
122 4 123 1 1
122 4 123 5 1
122 4 123 6 1
122 5 123 2 1
122 7 123 0 1
122 7 123 5 1
122 7 123 6 1
123 0 124 0 2
123 0 124 5 1
123 0 124 7 3
123 1 124 0 1
123 1 124 7 1
123 1 124 15 1
123 2 124 0 2
123 2 124 6 1
123 2 124 7 2
123 3 124 1 1
123 3 124 15 1
123 4 124 0 1
123 4 124 3 1
123 4 124 4 1
123 4 124 8 1
123 4 124 9 1
123 5 124 2 1
123 5 124 6 1
123 5 124 12 1
123 5 124 15 1
123 6 124 13 2
123 7 124 11 1
124 0 125 0 1
124 0 125 3 2
124 2 125 3 2
124 3 125 1 1
124 3 125 5 1
124 4 125 1 2
124 4 125 6 1
124 5 125 5 1
124 5 125 6 1
124 6 125 2 1
124 6 125 4 1
124 7 125 0 1
124 7 125 4 2
124 7 125 6 1
124 8 125 4 1
124 9 125 4 1
124 10 125 6 1
124 11 125 2 1
124 11 125 5 1
124 12 125 2 1
124 12 125 4 1
124 13 125 1 1
124 13 125 6 1
124 14 125 3 1
124 15 125 0 2
124 15 125 4 2
124 15 125 6 1
125 0 126 5 1
125 1 126 4 1
125 1 126 7 2
125 2 126 1 1
125 3 126 5 1
125 3 126 6 1
125 4 126 0 1
125 4 126 4 1
125 4 126 5 1
125 5 126 6 1
125 6 126 0 1
125 6 126 1 2
125 6 126 6 1
126 0 127 0 1
126 0 127 4 1
126 0 127 6 1
126 1 127 2 1
126 1 127 7 1
126 1 127 8 1
126 2 127 0 1
126 2 127 9 1
126 2 127 10 1
126 3 127 2 1
126 3 127 3 1
126 3 127 5 1
126 4 127 5 1
126 4 127 7 1
126 4 127 8 1
126 4 127 9 1
126 5 127 1 1
126 5 127 4 1
126 5 127 8 3
126 6 127 1 1
126 6 127 5 1
126 6 127 6 1
126 6 127 9 1
126 7 127 2 1
126 7 127 3 1
126 7 127 5 1
126 7 127 6 1
126 7 127 7 1
127 0 128 6 1
127 1 128 1 1
127 1 128 2 1
127 1 128 6 1
127 1 128 8 1
127 2 128 4 2
127 2 128 5 1
127 2 128 6 1
127 2 128 7 1
127 3 128 6 1
127 3 128 7 1
127 4 128 7 1
127 5 128 4 1
127 5 128 6 2
127 5 128 9 1
127 6 128 5 1
127 6 128 9 1
127 7 128 1 1
127 7 128 2 1
127 8 128 3 1
127 8 128 7 1
127 9 128 7 1
127 10 128 4 1
127 10 128 7 1
128 0 129 0 1
128 0 129 5 1
128 0 129 7 1
128 1 129 1 2
128 1 129 4 1
128 1 129 8 1
128 2 129 0 2
128 2 129 5 1
128 2 129 6 1
128 3 129 1 1
128 3 129 2 1
128 3 129 3 1
128 3 129 8 1
128 4 129 0 1
128 4 129 2 1
128 4 129 3 1
128 5 129 1 1
128 5 129 8 1
128 6 129 0 3
128 6 129 3 1
128 6 129 4 1
128 7 129 6 1
128 7 129 7 1
128 7 129 8 1
128 9 129 0 1
128 9 129 4 1
129 0 130 0 3
129 0 130 8 1
129 1 130 2 1
129 1 130 6 1
129 1 130 7 1
129 2 130 0 1
129 3 130 1 1
129 3 130 2 1
129 3 130 9 1
129 4 130 2 1
129 4 130 6 1
129 6 130 3 1
129 8 130 1 1
129 8 130 3 1
130 0 131 4 1
130 0 131 5 1
130 0 131 6 1
130 1 131 8 1
130 1 131 9 1
130 2 131 0 1
130 2 131 4 1
130 2 131 5 1
130 3 131 0 1
130 3 131 1 2
130 3 131 7 1
130 4 131 2 1
130 4 131 3 1
130 4 131 4 1
130 4 131 6 2
130 4 131 7 1
130 5 131 2 1
130 6 131 0 1
130 6 131 4 1
130 6 131 7 1
130 6 131 8 1
130 7 131 1 2
130 7 131 2 1
130 7 131 4 1
130 7 131 9 1
130 8 131 3 1
130 8 131 7 2
130 8 131 8 1
130 8 131 9 1
130 9 131 2 1
131 0 132 1 1
131 0 132 2 1
131 0 132 9 1
131 1 132 0 1
131 1 132 2 2
131 1 132 6 1
131 1 132 7 1
131 1 132 8 2
131 2 132 0 1
131 2 132 1 1
131 2 132 6 1
131 2 132 7 2
131 2 132 9 2
131 3 132 1 2
131 3 132 9 1
131 4 132 1 1
131 4 132 2 6
131 4 132 7 1
131 4 132 8 1
131 5 132 0 1
131 5 132 1 2
131 5 132 3 4
131 5 132 4 1
131 5 132 5 1
131 6 132 0 1
131 6 132 1 3
131 6 132 5 2
131 6 132 6 1
131 6 132 8 1
131 7 132 0 1
131 7 132 1 1
131 7 132 5 1
131 7 132 7 1
131 7 132 9 2
131 8 132 1 2
131 8 132 4 1
131 8 132 6 1
131 8 132 7 1
131 8 132 8 1
131 9 132 0 1
131 9 132 2 1
131 9 132 4 2
131 9 132 5 3
131 9 132 6 2
132 0 133 1 1
132 0 133 6 3
132 0 133 7 1
132 0 133 9 1
132 1 133 1 2
132 1 133 2 2
132 1 133 3 1
132 1 133 4 3
132 1 133 6 1
132 1 133 8 1
132 1 133 9 1
132 2 133 2 2
132 2 133 3 2
132 2 133 4 1
132 2 133 6 2
132 2 133 7 3
132 2 133 9 1
132 3 133 1 2
132 3 133 5 1
132 3 133 6 1
132 3 133 8 1
132 4 133 0 1
132 4 133 1 2
132 4 133 3 1
132 4 133 4 1
132 4 133 9 2
132 5 133 0 1
132 5 133 2 2
132 5 133 3 2
132 5 133 6 1
132 5 133 7 2
132 6 133 1 2
132 6 133 3 1
132 6 133 7 1
132 6 133 8 2
132 6 133 9 1
132 7 133 3 1
132 7 133 4 1
132 7 133 6 1
132 7 133 8 1
132 8 133 0 2
132 8 133 4 1
132 8 133 5 1
132 8 133 7 2
132 8 133 8 1
132 9 133 1 1
132 9 133 2 2
132 9 133 3 1
132 9 133 7 1
132 9 133 9 1
