0 0 1 0 1
0 0 1 3 3
0 0 1 4 1
0 0 1 5 7
0 0 1 6 1
0 0 1 12 3
0 1 1 0 1
0 1 1 2 1
0 1 1 6 1
0 1 1 8 2
0 1 1 12 1
0 2 1 0 1
0 2 1 8 1
0 2 1 11 1
0 3 1 0 1
0 3 1 1 1
0 3 1 3 1
0 3 1 4 2
0 3 1 6 2
0 3 1 12 1
0 4 1 4 1
0 4 1 9 1
0 4 1 10 1
0 5 1 0 1
0 5 1 4 2
0 5 1 7 1
0 5 1 12 2
0 6 1 1 2
0 6 1 6 1
0 6 1 8 1
0 6 1 9 1
0 6 1 12 1
0 7 1 4 2
0 7 1 8 2
0 7 1 9 1
0 7 1 10 1
0 8 1 1 1
0 8 1 3 4
0 8 1 5 4
0 8 1 6 3
0 8 1 8 2
0 8 1 12 4
0 9 1 3 6
0 9 1 6 1
0 9 1 7 2
0 9 1 8 1
0 9 1 10 1
0 10 1 0 1
0 10 1 1 1
0 10 1 2 1
0 10 1 3 1
0 10 1 4 2
0 10 1 8 1
0 10 1 9 1
0 10 1 11 4
0 10 1 12 2
0 11 1 0 1
0 11 1 2 1
0 11 1 3 2
0 11 1 4 2
0 11 1 5 1
0 11 1 7 1
0 11 1 8 2
0 11 1 12 1
0 12 1 1 1
0 12 1 2 1
0 12 1 5 1
0 12 1 6 1
0 12 1 7 1
0 13 1 7 2
0 14 1 1 1
0 14 1 2 2
0 14 1 3 2
0 14 1 5 1
0 14 1 6 1
0 14 1 8 2
0 14 1 12 2
0 15 1 0 1
0 15 1 1 1
0 15 1 2 1
0 15 1 3 1
0 15 1 4 1
0 15 1 5 1
0 15 1 7 1
0 15 1 10 1
0 15 1 12 1
0 16 1 2 1
0 16 1 3 1
0 16 1 4 1
0 16 1 8 1
0 16 1 9 1
0 16 1 10 1
0 16 1 12 1
1 0 2 3 1
1 0 2 6 1
1 0 2 11 1
1 1 2 3 1
1 1 2 4 1
1 1 2 10 1
1 2 2 8 1
1 2 2 9 1
1 2 2 10 2
1 2 2 11 2
1 3 2 0 1
1 3 2 2 2
1 3 2 3 1
1 3 2 4 1
1 3 2 7 1
1 3 2 8 4
1 3 2 11 3
1 4 2 0 2
1 4 2 1 2
1 4 2 4 2
1 4 2 5 2
1 4 2 7 1
1 4 2 9 1
1 4 2 10 1
1 4 2 11 1
1 5 2 1 1
1 5 2 2 3
1 5 2 3 3
1 5 2 5 1
1 5 2 7 3
1 5 2 8 2
1 5 2 11 1
1 6 2 0 2
1 6 2 1 1
1 6 2 3 2
1 6 2 4 1
1 6 2 5 1
1 6 2 8 1
1 6 2 9 3
1 6 2 11 1
1 7 2 2 1
1 7 2 3 2
1 7 2 4 1
1 7 2 5 1
1 7 2 7 1
1 7 2 11 2
1 8 2 4 2
1 8 2 5 2
1 8 2 7 3
1 8 2 8 1
1 8 2 9 1
1 8 2 10 3
1 8 2 11 2
1 9 2 2 1
1 9 2 7 1
1 9 2 9 1
1 9 2 10 1
1 10 2 2 1
1 10 2 7 1
1 10 2 8 1
1 10 2 10 1
1 10 2 11 1
1 11 2 4 1
1 11 2 6 1
1 11 2 9 1
1 11 2 10 1
1 12 2 0 4
1 12 2 1 1
1 12 2 3 1
1 12 2 4 2
1 12 2 5 1
1 12 2 7 3
1 12 2 9 1
1 12 2 10 1
1 12 2 11 3
2 0 3 0 3
2 0 3 2 2
2 0 3 4 2
2 0 3 6 1
2 0 3 10 1
2 0 3 12 1
2 0 3 14 1
2 0 3 15 1
2 0 3 17 1
2 1 3 0 1
2 1 3 8 1
2 1 3 9 2
2 1 3 14 1
2 1 3 15 1
2 2 3 0 1
2 2 3 10 2
2 2 3 13 1
2 2 3 14 4
2 3 3 0 2
2 3 3 2 1
2 3 3 4 1
2 3 3 5 1
2 3 3 6 1
2 3 3 7 1
2 3 3 9 1
2 3 3 13 1
2 3 3 14 4
2 3 3 17 1
2 4 3 0 1
2 4 3 1 2
2 4 3 2 1
2 4 3 3 1
2 4 3 5 1
2 4 3 6 2
2 4 3 7 1
2 4 3 8 1
2 4 3 9 1
2 4 3 10 2
2 4 3 15 1
2 4 3 17 1
2 5 3 1 2
2 5 3 2 2
2 5 3 4 1
2 5 3 5 1
2 5 3 7 2
2 5 3 9 2
2 5 3 12 1
2 5 3 15 1
2 5 3 17 1
2 6 3 0 1
2 6 3 4 1
2 6 3 9 1
2 7 3 0 2
2 7 3 2 3
2 7 3 4 1
2 7 3 8 1
2 7 3 9 3
2 7 3 10 1
2 7 3 11 1
2 7 3 14 2
2 7 3 17 1
2 8 3 0 2
2 8 3 2 3
2 8 3 8 1
2 8 3 10 1
2 8 3 11 1
2 8 3 14 1
2 9 3 2 1
2 9 3 4 1
2 9 3 5 1
2 9 3 7 1
2 9 3 8 1
2 9 3 11 1
2 9 3 12 1
2 9 3 13 1
2 9 3 14 1
2 9 3 15 1
2 9 3 17 1
2 10 3 2 1
2 10 3 3 2
2 10 3 5 1
2 10 3 6 1
2 10 3 8 2
2 10 3 9 2
2 10 3 10 1
2 10 3 11 1
2 10 3 15 1
2 11 3 0 3
2 11 3 1 1
2 11 3 2 3
2 11 3 4 4
2 11 3 9 2
2 11 3 10 1
2 11 3 12 3
2 11 3 14 1
2 11 3 15 1
3 0 4 0 2
3 0 4 2 2
3 0 4 3 1
3 0 4 4 1
3 0 4 5 2
3 0 4 6 1
3 0 4 7 1
3 0 4 8 2
3 0 4 10 1
3 1 4 5 1
3 1 4 6 1
3 1 4 7 1
3 2 4 0 1
3 2 4 1 3
3 2 4 2 1
3 2 4 3 1
3 2 4 4 1
3 2 4 5 1
3 2 4 6 1
3 2 4 7 3
3 2 4 8 2
3 2 4 10 1
3 3 4 1 1
3 3 4 4 1
3 3 4 7 1
3 3 4 8 1
3 4 4 1 2
3 4 4 5 1
3 4 4 7 1
3 4 4 10 1
3 5 4 2 1
3 5 4 4 2
3 5 4 7 1
3 6 4 0 1
3 6 4 4 1
3 6 4 5 1
3 7 4 4 1
3 7 4 5 1
3 7 4 7 1
3 8 4 0 1
3 8 4 1 1
3 8 4 9 2
3 9 4 0 2
3 9 4 1 2
3 9 4 4 2
3 9 4 6 1
3 9 4 9 2
3 9 4 10 1
3 10 4 0 1
3 10 4 3 1
3 10 4 4 1
3 10 4 6 1
3 10 4 8 2
3 11 4 0 1
3 11 4 9 1
3 12 4 1 1
3 12 4 2 1
3 12 4 3 1
3 13 4 1 1
3 13 4 2 1
3 13 4 4 1
3 13 4 5 2
3 13 4 8 1
3 13 4 9 1
3 13 4 10 1
3 14 4 0 1
3 14 4 1 2
3 14 4 2 1
3 14 4 4 1
3 14 4 5 1
3 14 4 6 3
3 14 4 7 1
3 14 4 8 1
3 14 4 9 4
3 14 4 10 2
3 15 4 1 1
3 15 4 7 1
3 15 4 8 1
3 15 4 10 2
3 16 4 7 1
3 17 4 0 1
3 17 4 3 1
3 17 4 6 1
3 17 4 7 1
4 0 5 2 1
4 0 5 3 1
4 1 5 0 1
4 1 5 4 1
4 2 5 2 1
4 6 5 2 1
4 8 5 4 1
5 0 6 1 1
5 2 6 5 1
5 2 6 6 1
5 2 6 9 1
5 2 6 10 1
5 3 6 4 1
5 4 6 9 1
6 0 7 2 1
6 0 7 3 1
6 0 7 7 1
6 1 7 0 1
6 1 7 2 1
6 1 7 3 4
6 1 7 4 1
6 1 7 7 4
6 1 7 8 1
6 1 7 15 1
6 1 7 18 2
6 1 7 19 2
6 2 7 4 1
6 2 7 5 1
6 2 7 8 2
6 2 7 9 1
6 2 7 11 1
6 2 7 18 1
6 3 7 2 1
6 3 7 3 1
6 3 7 6 2
6 3 7 8 1
6 3 7 9 1
6 3 7 19 1
6 4 7 6 1
6 4 7 9 1
6 4 7 10 1
6 4 7 12 1
6 4 7 16 1
6 4 7 17 1
6 4 7 19 3
6 5 7 3 2
6 5 7 6 2
6 5 7 7 1
6 5 7 8 1
6 5 7 9 5
6 5 7 14 1
6 5 7 18 1
6 6 7 0 2
6 6 7 2 2
6 6 7 4 3
6 6 7 11 1
6 6 7 12 1
6 6 7 14 2
6 6 7 17 1
6 6 7 18 1
6 7 7 3 3
6 7 7 4 1
6 7 7 6 3
6 7 7 7 1
6 7 7 9 1
6 7 7 12 1
6 7 7 14 3
6 7 7 19 1
6 8 7 0 1
6 8 7 2 1
6 8 7 4 1
6 8 7 9 1
6 8 7 10 1
6 8 7 13 1
6 8 7 15 1
6 8 7 19 2
6 9 7 3 1
6 9 7 4 3
6 9 7 6 1
6 9 7 7 1
6 9 7 8 1
6 9 7 9 1
6 9 7 12 1
6 9 7 16 1
6 9 7 19 1
6 10 7 2 1
6 10 7 3 2
6 10 7 4 1
6 10 7 6 5
6 10 7 7 1
6 10 7 9 3
6 10 7 10 1
6 10 7 14 1
6 10 7 16 1
7 0 8 3 1
7 0 8 4 1
7 0 8 9 1
7 0 8 10 2
7 1 8 4 1
7 1 8 10 1
7 2 8 2 1
7 2 8 8 1
7 2 8 9 2
7 2 8 10 2
7 3 8 1 3
7 3 8 3 1
7 3 8 4 1
7 3 8 5 1
7 3 8 6 1
7 3 8 7 3
7 3 8 8 1
7 3 8 9 1
7 3 8 10 2
7 4 8 3 1
7 4 8 5 2
7 4 8 9 3
7 6 8 1 1
7 6 8 4 2
7 6 8 5 4
7 6 8 7 8
7 6 8 8 1
7 7 8 0 1
7 7 8 3 1
7 7 8 4 1
7 7 8 5 1
7 7 8 6 1
7 7 8 7 1
7 7 8 8 2
7 7 8 10 1
7 8 8 1 2
7 8 8 4 1
7 8 8 5 4
7 8 8 6 1
7 8 8 7 1
7 8 8 10 1
7 9 8 0 1
7 9 8 1 1
7 9 8 2 1
7 9 8 4 4
7 9 8 5 1
7 9 8 6 1
7 9 8 7 4
7 9 8 8 1
7 9 8 9 1
7 10 8 0 1
7 10 8 2 1
7 10 8 5 1
7 10 8 6 2
7 11 8 8 1
7 11 8 10 2
7 12 8 1 2
7 12 8 2 1
7 12 8 5 2
7 12 8 9 2
7 12 8 10 1
7 14 8 2 3
7 14 8 4 1
7 14 8 6 1
7 14 8 9 1
7 14 8 10 1
7 15 8 0 1
7 15 8 3 1
7 15 8 6 1
7 15 8 7 1
7 15 8 8 2
7 16 8 1 1
7 16 8 2 1
7 16 8 4 1
7 16 8 6 1
7 17 8 0 1
7 17 8 2 2
7 17 8 3 1
7 17 8 10 1
7 18 8 3 1
7 18 8 5 2
7 18 8 6 3
7 18 8 8 1
7 18 8 9 1
7 18 8 10 1
7 19 8 1 3
7 19 8 2 3
7 19 8 3 4
7 19 8 4 1
7 19 8 5 1
7 19 8 8 3
7 19 8 10 3
8 0 9 3 1
8 0 9 10 1
8 1 9 0 1
8 1 9 1 1
8 1 9 4 3
8 1 9 6 1
8 1 9 10 1
8 1 9 13 1
8 2 9 0 2
8 2 9 1 3
8 2 9 5 1
8 2 9 6 2
8 2 9 7 1
8 2 9 8 1
8 2 9 11 1
8 3 9 0 1
8 3 9 1 2
8 3 9 10 1
8 3 9 13 2
8 3 9 14 1
8 4 9 0 1
8 4 9 1 1
8 4 9 4 4
8 4 9 5 3
8 4 9 7 1
8 4 9 13 2
8 5 9 0 2
8 5 9 2 1
8 5 9 3 1
8 5 9 4 1
8 5 9 5 4
8 5 9 6 1
8 5 9 7 1
8 5 9 8 3
8 5 9 14 1
8 6 9 0 1
8 6 9 2 2
8 6 9 4 2
8 6 9 5 2
8 6 9 6 1
8 6 9 10 1
8 6 9 14 2
8 7 9 4 9
8 7 9 7 1
8 7 9 9 1
8 7 9 13 4
8 8 9 0 1
8 8 9 2 2
8 8 9 5 3
8 8 9 7 1
8 8 9 8 1
8 8 9 10 1
8 8 9 11 1
8 8 9 13 3
8 9 9 0 2
8 9 9 3 1
8 9 9 7 1
8 9 9 8 3
8 9 9 11 1
8 9 9 12 1
8 10 9 0 2
8 10 9 1 1
8 10 9 2 1
8 10 9 5 1
8 10 9 7 1
8 10 9 8 2
8 10 9 12 3
9 0 10 2 3
9 0 10 3 2
9 0 10 4 1
9 0 10 5 2
9 0 10 7 2
9 0 10 9 2
9 1 10 0 1
9 1 10 2 5
9 1 10 8 1
9 2 10 1 2
9 2 10 3 1
9 2 10 8 1
9 3 10 0 1
9 3 10 2 1
9 3 10 3 1
9 3 10 4 1
9 3 10 5 1
9 3 10 6 1
9 3 10 8 1
9 4 10 0 1
9 4 10 1 3
9 4 10 4 4
9 4 10 5 1
9 4 10 7 3
9 4 10 8 8
9 4 10 9 2
9 5 10 0 2
9 5 10 1 1
9 5 10 2 2
9 5 10 4 1
9 5 10 5 6
9 5 10 6 1
9 5 10 8 1
9 5 10 9 1
9 6 10 1 3
9 6 10 5 1
9 7 10 2 2
9 7 10 7 2
9 8 10 0 1
9 8 10 1 1
9 8 10 3 1
9 8 10 4 1
9 8 10 5 1
9 8 10 7 1
9 8 10 9 3
9 10 10 0 1
9 10 10 2 1
9 10 10 4 1
9 10 10 6 2
9 10 10 7 1
9 11 10 0 1
9 11 10 2 1
9 11 10 5 1
9 11 10 9 2
9 12 10 0 1
9 12 10 1 1
9 12 10 4 2
9 13 10 1 2
9 13 10 2 2
9 13 10 4 3
9 13 10 5 1
9 13 10 6 1
9 13 10 7 3
9 13 10 8 2
9 13 10 9 1
9 14 10 1 1
9 14 10 2 1
9 14 10 4 1
9 14 10 5 1
9 14 10 9 1
10 0 11 2 2
10 0 11 3 1
10 0 11 4 3
10 0 11 5 2
10 0 11 6 1
10 0 11 7 1
10 0 11 8 2
10 0 11 10 1
10 0 11 11 1
10 1 11 1 2
10 1 11 2 6
10 1 11 4 1
10 1 11 6 2
10 1 11 10 3
10 1 11 11 3
10 2 11 0 1
10 2 11 1 1
10 2 11 2 2
10 2 11 3 2
10 2 11 5 2
10 2 11 6 5
10 2 11 7 1
10 2 11 10 1
10 2 11 11 1
10 3 11 6 2
10 3 11 7 1
10 3 11 8 1
10 3 11 10 1
10 4 11 1 3
10 4 11 2 2
10 4 11 5 1
10 4 11 9 5
10 4 11 11 6
10 5 11 1 4
10 5 11 2 4
10 5 11 5 4
10 5 11 6 3
10 5 11 10 2
10 5 11 11 3
10 6 11 0 1
10 6 11 2 1
10 6 11 3 1
10 6 11 4 2
10 6 11 5 3
10 6 11 6 2
10 6 11 10 5
10 7 11 1 2
10 7 11 2 6
10 7 11 5 1
10 7 11 9 1
10 7 11 11 4
10 8 11 1 1
10 8 11 5 1
10 8 11 9 15
10 8 11 11 6
10 9 11 0 2
10 9 11 1 3
10 9 11 2 2
10 9 11 4 1
10 9 11 6 2
10 9 11 7 1
10 9 11 8 2
11 0 12 2 1
11 0 12 3 1
11 0 12 6 2
11 0 12 9 1
11 0 12 12 2
11 0 12 13 2
11 0 12 15 1
11 0 12 16 2
11 1 12 1 2
11 1 12 2 2
11 1 12 10 1
11 1 12 11 1
11 1 12 13 2
11 1 12 14 1
11 1 12 15 2
11 1 12 16 1
11 1 12 18 1
11 2 12 1 1
11 2 12 2 2
11 2 12 6 2
11 2 12 7 2
11 2 12 8 1
11 2 12 10 1
11 2 12 11 1
11 2 12 13 2
11 2 12 15 4
11 2 12 17 1
11 2 12 18 1
11 3 12 1 2
11 3 12 6 1
11 3 12 8 1
11 3 12 9 1
11 3 12 11 2
11 3 12 12 1
11 3 12 16 1
11 3 12 17 1
11 3 12 18 1
11 4 12 1 1
11 4 12 6 1
11 4 12 15 1
11 4 12 16 2
11 4 12 17 2
11 4 12 18 1
11 5 12 1 1
11 5 12 2 6
11 5 12 4 1
11 5 12 6 1
11 5 12 9 1
11 5 12 15 2
11 6 12 1 2
11 6 12 2 1
11 6 12 6 1
11 6 12 7 1
11 6 12 8 1
11 6 12 13 3
11 6 12 14 1
11 6 12 15 1
11 6 12 18 3
11 7 12 3 1
11 7 12 4 1
11 7 12 8 1
11 7 12 12 1
11 7 12 13 1
11 7 12 14 1
11 8 12 1 1
11 8 12 3 1
11 8 12 6 2
11 8 12 7 1
11 8 12 9 1
11 8 12 13 2
11 8 12 15 1
11 8 12 16 1
11 9 12 1 2
11 9 12 2 3
11 9 12 3 1
11 9 12 6 1
11 9 12 10 1
11 9 12 11 1
11 9 12 15 4
11 9 12 16 1
11 10 12 2 1
11 10 12 3 1
11 10 12 5 1
11 10 12 6 3
11 10 12 7 1
11 10 12 14 2
11 10 12 15 1
11 10 12 16 1
11 11 12 1 1
11 11 12 2 3
11 11 12 5 1
11 11 12 11 2
11 11 12 13 3
11 11 12 14 1
11 11 12 15 7
11 11 12 16 2
11 11 12 17 1
11 11 12 18 1
12 0 13 8 1
12 1 13 0 1
12 1 13 1 1
12 1 13 2 1
12 1 13 3 1
12 1 13 4 1
12 1 13 6 1
12 1 13 7 2
12 1 13 8 1
12 1 13 9 1
12 1 13 10 1
12 1 13 11 1
12 1 13 12 1
12 2 13 0 3
12 2 13 3 1
12 2 13 6 2
12 2 13 7 5
12 2 13 8 2
12 2 13 10 3
12 2 13 11 2
12 2 13 12 5
12 3 13 4 1
12 3 13 5 1
12 4 13 5 1
12 5 13 2 1
12 5 13 6 3
12 5 13 8 1
12 5 13 11 1
12 6 13 0 1
12 6 13 1 1
12 6 13 2 1
12 6 13 3 1
12 6 13 6 1
12 6 13 8 1
12 6 13 11 3
12 7 13 4 2
12 7 13 9 1
12 8 13 2 1
12 8 13 4 1
12 8 13 5 1
12 8 13 6 2
12 8 13 7 1
12 8 13 11 1
12 9 13 3 2
12 9 13 6 1
12 11 13 2 1
12 11 13 8 2
12 11 13 10 1
12 12 13 4 1
12 12 13 5 1
12 12 13 8 1
12 12 13 11 1
12 13 13 0 1
12 13 13 1 2
12 13 13 2 2
12 13 13 3 1
12 13 13 5 2
12 13 13 6 2
12 13 13 7 1
12 13 13 8 2
12 13 13 9 1
12 13 13 11 2
12 13 13 12 3
12 14 13 0 1
12 14 13 1 1
12 14 13 2 1
12 14 13 4 1
12 14 13 5 2
12 14 13 10 1
12 14 13 11 3
12 15 13 0 4
12 15 13 1 2
12 15 13 3 4
12 15 13 7 5
12 15 13 9 3
12 15 13 10 4
12 15 13 11 1
12 15 13 12 1
12 16 13 0 1
12 16 13 3 1
12 16 13 7 1
12 16 13 9 1
12 16 13 10 2
12 16 13 11 1
12 17 13 0 2
12 17 13 3 2
12 17 13 5 1
12 17 13 9 1
12 17 13 10 1
12 18 13 1 1
12 18 13 6 3
12 18 13 7 1
12 18 13 9 1
12 18 13 10 1
12 18 13 11 1
13 0 14 0 2
13 0 14 2 3
13 0 14 3 2
13 0 14 6 1
13 0 14 10 1
13 0 14 12 1
13 1 14 0 2
13 1 14 2 1
13 1 14 3 1
13 1 14 4 1
13 1 14 10 1
13 1 14 11 1
13 2 14 5 1
13 2 14 7 1
13 2 14 9 1
13 2 14 10 1
13 2 14 13 1
13 3 14 0 2
13 3 14 1 1
13 3 14 3 1
13 3 14 4 1
13 3 14 8 1
13 3 14 9 1
13 3 14 10 1
13 3 14 12 1
13 3 14 13 2
13 4 14 0 1
13 4 14 1 1
13 4 14 4 1
13 4 14 6 1
13 4 14 7 1
13 4 14 11 1
13 4 14 13 1
13 5 14 2 2
13 5 14 5 1
13 5 14 6 1
13 5 14 11 2
13 5 14 12 1
13 6 14 0 1
13 6 14 3 2
13 6 14 5 1
13 6 14 8 1
13 6 14 9 1
13 6 14 10 1
13 6 14 12 1
13 6 14 13 1
13 7 14 0 1
13 7 14 1 3
13 7 14 2 7
13 7 14 3 1
13 7 14 10 1
13 7 14 12 1
13 7 14 13 1
13 8 14 3 1
13 8 14 5 1
13 8 14 8 1
13 8 14 11 1
13 8 14 12 1
13 8 14 13 1
13 9 14 2 2
13 9 14 6 1
13 9 14 7 1
13 9 14 10 1
13 9 14 12 2
13 9 14 13 1
13 10 14 0 1
13 10 14 3 2
13 10 14 9 1
13 10 14 10 2
13 10 14 12 2
13 10 14 13 1
13 11 14 0 1
13 11 14 3 1
13 11 14 9 1
13 11 14 10 1
13 11 14 12 2
13 11 14 13 1
13 12 14 0 1
13 12 14 1 1
13 12 14 2 3
13 12 14 5 2
13 12 14 7 1
13 12 14 9 1
13 12 14 12 1
14 0 15 1 3
14 0 15 2 1
14 0 15 3 1
14 0 15 4 4
14 0 15 8 2
14 1 15 0 3
14 1 15 1 1
14 1 15 2 1
14 1 15 4 1
14 1 15 7 1
14 2 15 0 6
14 2 15 2 2
14 2 15 3 1
14 2 15 4 2
14 2 15 9 1
14 3 15 0 1
14 3 15 1 1
14 3 15 5 1
14 3 15 7 1
14 3 15 9 2
14 4 15 4 1
14 4 15 7 2
14 5 15 8 1
14 6 15 3 1
14 6 15 8 2
14 7 15 1 1
14 7 15 2 1
14 7 15 8 2
14 8 15 5 1
14 9 15 2 1
14 9 15 4 1
14 9 15 5 1
14 9 15 9 1
14 10 15 0 2
14 10 15 1 2
14 10 15 3 2
14 10 15 7 2
14 12 15 1 1
14 12 15 4 4
14 12 15 5 2
14 12 15 6 1
14 12 15 7 1
14 12 15 8 1
14 13 15 1 2
14 13 15 2 2
14 13 15 3 1
14 13 15 7 1
14 13 15 8 1
14 13 15 9 1
15 0 16 2 1
15 0 16 3 1
15 0 16 4 2
15 0 16 5 1
15 0 16 8 1
15 0 16 9 5
15 1 16 0 2
15 1 16 1 1
15 1 16 4 1
15 1 16 6 1
15 1 16 8 2
15 1 16 9 2
15 2 16 0 2
15 2 16 2 2
15 2 16 5 1
15 2 16 6 1
15 2 16 7 1
15 2 16 10 1
15 3 16 0 2
15 3 16 1 1
15 3 16 4 2
15 3 16 7 2
15 3 16 9 1
15 4 16 1 2
15 4 16 4 4
15 4 16 6 1
15 4 16 8 1
15 4 16 9 3
15 4 16 10 1
15 5 16 7 1
15 5 16 8 1
15 6 16 0 1
15 6 16 5 1
15 6 16 7 1
15 7 16 0 2
15 7 16 1 1
15 7 16 2 1
15 7 16 3 1
15 7 16 4 2
15 7 16 6 1
15 8 16 1 2
15 8 16 7 2
15 8 16 10 1
15 9 16 1 3
15 9 16 2 1
15 9 16 6 1
15 9 16 7 1
15 9 16 9 1
16 0 17 1 1
16 0 17 3 1
16 0 17 4 1
16 0 17 5 4
16 0 17 8 1
16 0 17 9 1
16 0 17 13 3
16 0 17 15 1
16 1 17 3 2
16 1 17 4 2
16 1 17 5 2
16 1 17 7 1
16 1 17 9 1
16 1 17 12 1
16 1 17 13 1
16 1 17 14 1
16 1 17 15 3
16 2 17 0 1
16 2 17 1 1
16 2 17 2 2
16 2 17 4 2
16 2 17 5 1
16 2 17 7 1
16 2 17 9 2
16 2 17 10 1
16 2 17 11 1
16 3 17 5 1
16 3 17 6 1
16 3 17 7 1
16 3 17 8 1
16 3 17 11 1
16 4 17 0 1
16 4 17 1 1
16 4 17 2 1
16 4 17 5 1
16 4 17 8 3
16 4 17 9 3
16 4 17 11 1
16 4 17 13 3
16 4 17 14 1
16 4 17 15 2
16 5 17 0 2
16 5 17 2 2
16 5 17 3 1
16 5 17 8 1
16 5 17 10 1
16 5 17 12 1
16 5 17 13 1
16 5 17 15 2
16 6 17 3 1
16 6 17 5 2
16 6 17 7 1
16 6 17 9 1
16 6 17 11 1
16 6 17 13 1
16 7 17 0 1
16 7 17 1 1
16 7 17 3 1
16 7 17 4 1
16 7 17 5 3
16 7 17 13 2
16 7 17 14 1
16 7 17 15 2
16 8 17 3 1
16 8 17 5 1
16 8 17 8 1
16 8 17 9 2
16 8 17 13 1
16 8 17 14 1
16 9 17 2 1
16 9 17 3 1
16 9 17 8 10
16 9 17 9 2
16 9 17 13 1
16 9 17 14 1
16 10 17 3 1
16 10 17 8 1
16 10 17 13 2
17 0 18 8 1
17 0 18 10 2
17 0 18 12 1
17 1 18 0 1
17 1 18 3 1
17 1 18 6 1
17 1 18 10 2
17 1 18 12 1
17 1 18 13 1
17 1 18 14 1
17 2 18 0 2
17 2 18 1 1
17 2 18 4 1
17 2 18 5 1
17 2 18 8 1
17 2 18 9 1
17 2 18 12 1
17 2 18 13 1
17 3 18 0 2
17 3 18 2 1
17 3 18 3 2
17 3 18 4 1
17 3 18 5 3
17 3 18 6 1
17 3 18 7 1
17 3 18 8 2
17 3 18 9 2
17 3 18 10 2
17 3 18 13 1
17 4 18 2 2
17 4 18 5 1
17 4 18 8 1
17 4 18 9 2
17 4 18 11 1
17 4 18 12 3
17 4 18 13 1
17 5 18 0 1
17 5 18 1 1
17 5 18 2 1
17 5 18 5 1
17 5 18 7 1
17 5 18 10 5
17 5 18 11 4
17 5 18 12 4
17 6 18 14 1
17 7 18 2 1
17 7 18 4 2
17 7 18 7 1
17 7 18 8 1
17 7 18 10 1
17 7 18 11 1
17 7 18 12 2
17 7 18 13 1
17 8 18 0 1
17 8 18 1 7
17 8 18 2 3
17 8 18 3 4
17 8 18 6 1
17 8 18 7 1
17 8 18 8 1
17 8 18 11 1
17 9 18 1 1
17 9 18 2 1
17 9 18 3 2
17 9 18 4 1
17 9 18 6 2
17 9 18 7 1
17 9 18 11 2
17 9 18 12 1
17 9 18 13 4
17 10 18 1 1
17 10 18 6 1
17 10 18 11 1
17 11 18 1 1
17 11 18 3 1
17 11 18 4 1
17 11 18 5 3
17 11 18 6 1
17 11 18 10 1
17 11 18 14 1
17 12 18 5 1
17 12 18 12 1
17 13 18 0 3
17 13 18 1 3
17 13 18 2 2
17 13 18 5 1
17 13 18 7 1
17 13 18 8 1
17 13 18 10 1
17 13 18 13 2
17 14 18 0 1
17 14 18 7 1
17 14 18 14 1
17 15 18 0 1
17 15 18 1 1
17 15 18 5 1
17 15 18 7 1
17 15 18 11 1
17 15 18 13 2
17 15 18 14 1
18 0 19 1 1
18 0 19 3 1
18 0 19 4 1
18 0 19 7 2
18 0 19 9 2
18 1 19 1 4
18 1 19 4 1
18 1 19 5 1
18 1 19 6 2
18 1 19 8 3
18 1 19 9 1
18 2 19 1 1
18 2 19 6 1
18 2 19 7 1
18 2 19 8 2
18 2 19 9 2
18 3 19 1 4
18 3 19 5 1
18 3 19 6 2
18 3 19 7 1
18 3 19 8 1
18 4 19 3 1
18 5 19 7 1
18 5 19 8 1
18 6 19 0 1
18 6 19 3 2
18 7 19 3 1
18 7 19 6 1
18 8 19 0 1
18 8 19 2 1
18 8 19 3 1
18 8 19 8 1
18 9 19 9 1
18 10 19 3 1
18 10 19 7 1
18 10 19 9 1
18 11 19 1 1
18 11 19 2 1
18 11 19 3 1
18 11 19 4 1
18 11 19 6 2
18 11 19 7 1
18 12 19 5 1
18 12 19 6 2
18 12 19 7 2
18 13 19 0 2
18 13 19 1 1
18 13 19 2 1
18 13 19 5 1
18 13 19 7 1
18 13 19 9 1
18 14 19 5 2
19 0 20 1 2
19 0 20 2 2
19 0 20 9 1
19 0 20 12 1
19 1 20 0 1
19 1 20 1 2
19 1 20 9 1
19 1 20 10 8
19 2 20 0 1
19 2 20 1 2
19 2 20 4 1
19 2 20 6 1
19 2 20 8 1
19 2 20 9 1
19 2 20 11 1
19 3 20 2 1
19 3 20 3 1
19 3 20 6 1
19 3 20 8 1
19 3 20 9 1
19 3 20 12 3
19 4 20 0 1
19 4 20 6 2
19 4 20 10 2
19 4 20 11 1
19 5 20 0 1
19 5 20 4 2
19 5 20 7 1
19 5 20 9 1
19 5 20 10 1
19 6 20 0 1
19 6 20 5 1
19 6 20 6 2
19 6 20 8 1
19 6 20 9 3
19 6 20 11 2
19 6 20 12 1
19 7 20 1 3
19 7 20 2 2
19 7 20 3 1
19 7 20 9 1
19 7 20 11 1
19 8 20 6 6
19 8 20 9 1
19 8 20 10 2
19 8 20 11 1
19 8 20 12 1
19 9 20 1 2
19 9 20 4 1
19 9 20 6 1
19 9 20 9 1
19 9 20 10 2
19 9 20 12 1
20 0 21 0 1
20 0 21 3 1
20 0 21 7 1
20 1 21 0 1
20 1 21 1 1
20 2 21 1 1
20 2 21 2 2
20 4 21 5 1
20 5 21 2 1
20 6 21 2 1
20 6 21 4 1
20 6 21 7 2
20 7 21 0 1
20 8 21 2 1
20 8 21 7 1
20 10 21 0 2
20 10 21 2 1
20 10 21 6 2
20 10 21 7 1
20 11 21 5 1
20 12 21 2 1
21 0 22 7 1
21 0 22 13 1
21 2 22 6 2
21 2 22 8 1
21 2 22 10 1
21 5 22 4 2
21 6 22 5 1
21 6 22 9 1
21 7 22 8 1
22 0 23 2 1
22 0 23 3 1
22 1 23 2 1
22 1 23 3 1
22 1 23 5 1
22 1 23 10 1
22 2 23 0 1
22 2 23 1 1
22 2 23 2 1
22 2 23 3 3
22 2 23 8 2
22 2 23 9 2
22 2 23 10 1
22 2 23 11 2
22 3 23 0 1
22 3 23 3 1
22 3 23 5 1
22 3 23 9 1
22 4 23 0 1
22 4 23 2 4
22 4 23 4 1
22 4 23 7 1
22 4 23 8 1
22 4 23 9 2
22 4 23 11 3
22 5 23 3 1
22 5 23 4 2
22 5 23 6 1
22 5 23 7 1
22 6 23 4 1
22 6 23 6 2
22 6 23 7 1
22 7 23 3 1
22 8 23 0 4
22 8 23 1 1
22 8 23 2 2
22 8 23 3 1
22 8 23 6 1
22 8 23 7 2
22 8 23 10 5
22 9 23 0 2
22 9 23 1 1
22 9 23 4 2
22 9 23 5 1
22 9 23 6 1
22 9 23 10 2
22 10 23 6 2
22 11 23 0 1
22 11 23 2 1
22 11 23 3 1
22 11 23 6 1
22 11 23 8 1
22 11 23 11 1
22 12 23 0 2
22 12 23 1 2
22 12 23 3 1
22 12 23 10 1
22 13 23 1 2
22 13 23 2 1
22 13 23 4 1
22 13 23 5 4
22 13 23 6 1
22 13 23 8 3
22 14 23 0 1
22 14 23 2 3
22 14 23 7 1
22 14 23 9 1
22 14 23 10 2
22 14 23 11 1
23 0 24 1 3
23 0 24 4 1
23 0 24 5 1
23 0 24 6 3
23 0 24 7 3
23 0 24 10 1
23 1 24 0 2
23 1 24 1 2
23 1 24 5 1
23 1 24 6 1
23 2 24 0 1
23 2 24 1 1
23 2 24 3 1
23 2 24 6 5
23 2 24 7 1
23 3 24 1 1
23 3 24 3 1
23 3 24 8 3
23 3 24 9 1
23 3 24 10 1
23 4 24 3 2
23 4 24 4 2
23 4 24 7 2
23 4 24 10 1
23 5 24 0 2
23 5 24 4 1
23 5 24 5 3
23 5 24 8 2
23 5 24 10 1
23 6 24 2 1
23 6 24 4 1
23 6 24 5 1
23 6 24 8 3
23 6 24 10 2
23 7 24 0 1
23 7 24 4 1
23 7 24 8 1
23 7 24 10 1
23 8 24 0 1
23 8 24 1 1
23 8 24 2 2
23 8 24 6 1
23 8 24 7 1
23 8 24 10 1
23 9 24 1 2
23 9 24 2 1
23 9 24 4 1
23 9 24 6 2
23 9 24 8 1
23 10 24 1 1
23 10 24 3 1
23 10 24 5 1
23 10 24 6 1
23 10 24 7 3
23 10 24 8 1
23 10 24 9 1
23 10 24 10 2
23 11 24 0 1
23 11 24 1 2
23 11 24 2 1
23 11 24 6 3
23 11 24 7 2
24 0 25 1 1
24 0 25 2 1
24 0 25 3 1
24 0 25 4 2
24 0 25 5 2
24 0 25 9 1
24 0 25 12 1
24 1 25 0 2
24 1 25 1 1
24 1 25 2 1
24 1 25 3 1
24 1 25 5 3
24 1 25 10 3
24 1 25 12 5
24 2 25 5 2
24 2 25 7 1
24 3 25 0 1
24 3 25 7 3
24 3 25 10 2
24 3 25 12 1
24 4 25 1 1
24 4 25 3 1
24 4 25 6 2
24 4 25 9 1
24 4 25 11 2
24 4 25 12 1
24 5 25 0 1
24 5 25 1 2
24 5 25 3 2
24 5 25 8 2
24 5 25 10 1
24 5 25 12 1
24 6 25 0 2
24 6 25 3 3
24 6 25 5 6
24 6 25 9 2
24 6 25 10 1
24 6 25 12 3
24 7 25 2 1
24 7 25 3 4
24 7 25 5 2
24 7 25 6 3
24 7 25 8 1
24 7 25 9 2
24 7 25 11 1
24 7 25 12 1
24 8 25 0 2
24 8 25 1 2
24 8 25 2 1
24 8 25 3 1
24 8 25 6 2
24 8 25 11 1
24 9 25 1 1
24 9 25 2 1
24 9 25 5 1
24 9 25 8 1
24 9 25 11 1
24 10 25 0 1
24 10 25 3 1
24 10 25 4 2
24 10 25 5 1
24 10 25 7 1
24 10 25 10 2
24 10 25 12 1
25 0 26 6 2
25 0 26 10 1
25 0 26 11 2
25 1 26 1 1
25 1 26 7 1
25 2 26 5 1
25 2 26 7 1
25 2 26 10 1
25 2 26 11 1
25 3 26 0 1
25 3 26 1 2
25 3 26 2 1
25 3 26 4 1
25 3 26 5 1
25 3 26 6 2
25 3 26 8 1
25 3 26 9 1
25 4 26 2 1
25 4 26 4 1
25 4 26 7 1
25 4 26 8 1
25 4 26 10 1
25 5 26 0 3
25 5 26 1 2
25 5 26 3 2
25 5 26 4 2
25 5 26 6 2
25 5 26 7 1
25 5 26 8 1
25 5 26 9 3
25 5 26 10 1
25 5 26 11 1
25 6 26 8 1
25 6 26 11 1
25 7 26 8 1
25 7 26 11 1
25 8 26 0 1
25 8 26 5 1
25 8 26 7 1
25 9 26 2 2
25 9 26 3 1
25 9 26 5 1
25 9 26 7 1
25 9 26 10 1
25 9 26 11 1
25 10 26 4 1
25 10 26 5 2
25 10 26 6 1
25 10 26 7 1
25 10 26 8 1
25 10 26 9 4
25 11 26 8 3
25 12 26 0 1
25 12 26 1 1
25 12 26 2 1
25 12 26 3 2
25 12 26 4 2
25 12 26 6 2
25 12 26 7 1
25 12 26 8 1
25 12 26 10 2
25 12 26 11 1
26 0 27 4 1
26 0 27 9 1
26 0 27 10 2
26 0 27 14 1
26 0 27 15 1
26 1 27 2 1
26 1 27 8 1
26 1 27 9 2
26 1 27 14 1
26 1 27 15 1
26 2 27 5 1
26 2 27 7 1
26 2 27 8 1
26 2 27 14 2
26 3 27 0 1
26 3 27 1 1
26 3 27 3 1
26 3 27 11 1
26 3 27 12 1
26 3 27 15 3
26 4 27 1 2
26 4 27 10 1
26 4 27 13 1
26 4 27 14 1
26 5 27 3 1
26 5 27 5 2
26 5 27 13 1
26 5 27 14 1
26 6 27 1 1
26 6 27 8 1
26 6 27 9 2
26 6 27 10 1
26 6 27 12 1
26 6 27 14 1
26 6 27 15 1
26 7 27 1 1
26 7 27 2 1
26 7 27 4 1
26 7 27 9 2
26 7 27 10 1
26 7 27 11 1
26 7 27 14 3
26 8 27 2 1
26 8 27 4 1
26 8 27 9 1
26 8 27 12 1
26 8 27 14 2
26 9 27 4 1
26 9 27 7 2
26 9 27 8 2
26 9 27 14 1
26 9 27 15 1
26 10 27 1 1
26 10 27 9 1
26 10 27 10 3
26 10 27 13 2
26 10 27 14 1
26 10 27 15 1
26 11 27 2 2
26 11 27 5 3
26 11 27 7 1
26 11 27 8 1
26 11 27 15 2
27 0 28 0 1
27 0 28 4 1
27 0 28 7 1
27 1 28 1 1
27 1 28 2 1
27 1 28 3 1
27 1 28 5 1
27 1 28 6 1
27 1 28 8 1
27 1 28 9 1
27 1 28 13 1
27 2 28 0 1
27 2 28 3 1
27 2 28 4 1
27 2 28 5 2
27 2 28 7 1
27 2 28 9 1
27 2 28 11 1
27 3 28 0 1
27 3 28 6 1
27 3 28 9 1
27 4 28 0 1
27 4 28 1 1
27 4 28 2 1
27 4 28 3 2
27 4 28 4 2
27 4 28 7 1
27 4 28 9 1
27 4 28 10 2
27 4 28 12 1
27 5 28 0 1
27 5 28 2 1
27 5 28 4 1
27 5 28 5 1
27 5 28 6 1
27 5 28 7 2
27 5 28 8 1
27 5 28 9 3
27 5 28 10 2
27 5 28 14 1
27 6 28 1 1
27 6 28 3 1
27 6 28 5 1
27 6 28 6 1
27 6 28 7 1
27 6 28 12 1
27 6 28 14 1
27 7 28 7 1
27 7 28 9 3
27 7 28 10 1
27 7 28 12 1
27 8 28 0 2
27 8 28 1 1
27 8 28 4 2
27 8 28 9 1
27 8 28 13 1
27 9 28 1 1
27 9 28 3 1
27 9 28 4 1
27 9 28 6 1
27 9 28 7 2
27 9 28 8 1
27 9 28 9 2
27 9 28 10 1
27 9 28 11 1
27 9 28 12 1
27 9 28 13 2
27 9 28 14 1
27 10 28 0 2
27 10 28 2 2
27 10 28 9 3
27 10 28 12 1
27 10 28 13 1
27 10 28 14 3
27 11 28 3 1
27 11 28 12 1
27 11 28 14 1
27 12 28 0 1
27 12 28 2 1
27 12 28 4 1
27 12 28 5 1
27 12 28 12 1
27 13 28 1 2
27 13 28 5 1
27 13 28 7 1
27 13 28 12 1
27 14 28 0 4
27 14 28 1 3
27 14 28 4 1
27 14 28 5 1
27 14 28 7 1
27 14 28 10 1
27 14 28 13 3
27 14 28 14 1
27 15 28 0 1
27 15 28 1 2
27 15 28 2 2
27 15 28 5 1
27 15 28 9 2
27 15 28 10 1
27 15 28 13 2
28 0 29 1 1
28 0 29 2 1
28 0 29 3 3
28 0 29 4 2
28 0 29 5 2
28 0 29 6 1
28 0 29 8 3
28 0 29 9 1
28 0 29 11 1
28 0 29 13 1
28 1 29 6 2
28 1 29 8 2
28 1 29 9 4
28 1 29 10 1
28 1 29 12 1
28 1 29 13 1
28 1 29 14 2
28 1 29 15 1
28 2 29 1 2
28 2 29 2 2
28 2 29 5 1
28 2 29 9 1
28 2 29 10 1
28 2 29 11 1
28 2 29 13 1
28 2 29 15 1
28 3 29 0 1
28 3 29 1 1
28 3 29 3 1
28 3 29 4 2
28 3 29 6 1
28 3 29 9 1
28 3 29 10 2
28 3 29 11 1
28 3 29 12 1
28 3 29 14 1
28 4 29 1 1
28 4 29 3 2
28 4 29 4 1
28 4 29 8 1
28 4 29 11 2
28 4 29 13 2
28 4 29 14 2
28 4 29 15 2
28 5 29 0 1
28 5 29 2 1
28 5 29 3 1
28 5 29 4 1
28 5 29 6 1
28 5 29 11 1
28 6 29 0 1
28 6 29 2 1
28 6 29 3 1
28 6 29 4 1
28 6 29 10 2
28 6 29 11 1
28 7 29 5 2
28 7 29 7 1
28 7 29 8 5
28 7 29 11 2
28 7 29 15 2
28 8 29 1 1
28 8 29 2 1
28 8 29 3 1
28 8 29 14 2
28 9 29 1 5
28 9 29 3 2
28 9 29 6 4
28 9 29 7 1
28 9 29 8 3
28 9 29 9 2
28 9 29 11 1
28 9 29 12 1
28 9 29 13 1
28 10 29 1 2
28 10 29 3 1
28 10 29 4 1
28 10 29 6 2
28 10 29 7 1
28 10 29 8 1
28 10 29 9 1
28 10 29 12 1
28 10 29 13 1
28 10 29 14 1
28 11 29 3 1
28 11 29 10 1
28 11 29 11 1
28 12 29 4 1
28 12 29 6 1
28 12 29 8 1
28 12 29 9 1
28 12 29 11 1
28 13 29 1 2
28 13 29 3 1
28 13 29 4 1
28 13 29 6 3
28 13 29 8 2
28 13 29 9 2
28 13 29 13 1
28 14 29 1 2
28 14 29 3 1
28 14 29 4 2
28 14 29 6 1
28 14 29 8 1
28 14 29 9 1
28 14 29 12 1
28 14 29 13 1
28 14 29 14 1
28 14 29 15 2
29 0 30 0 2
29 0 30 3 1
29 0 30 4 1
29 0 30 6 1
29 0 30 13 1
29 0 30 15 1
29 1 30 0 1
29 1 30 1 1
29 1 30 2 2
29 1 30 5 1
29 1 30 6 1
29 1 30 7 1
29 1 30 8 2
29 1 30 9 1
29 1 30 10 1
29 1 30 11 1
29 1 30 12 2
29 1 30 14 1
29 1 30 15 1
29 1 30 17 2
29 2 30 0 1
29 2 30 3 1
29 2 30 7 1
29 2 30 9 1
29 2 30 10 1
29 2 30 12 2
29 2 30 16 1
29 3 30 0 2
29 3 30 1 1
29 3 30 2 3
29 3 30 3 2
29 3 30 6 1
29 3 30 9 1
29 3 30 10 1
29 3 30 11 1
29 3 30 14 2
29 3 30 16 1
29 3 30 17 1
29 3 30 18 1
29 4 30 0 1
29 4 30 1 1
29 4 30 2 2
29 4 30 5 1
29 4 30 7 1
29 4 30 8 1
29 4 30 10 1
29 4 30 11 2
29 4 30 15 1
29 4 30 17 1
29 5 30 0 1
29 5 30 2 1
29 5 30 5 1
29 5 30 7 3
29 5 30 8 1
29 5 30 13 1
29 5 30 18 1
29 6 30 10 2
29 6 30 11 1
29 6 30 12 4
29 6 30 13 1
29 6 30 14 2
29 6 30 16 1
29 6 30 17 4
29 7 30 0 1
29 7 30 5 1
29 7 30 9 1
29 7 30 10 1
29 7 30 11 1
29 7 30 12 1
29 7 30 15 1
29 7 30 17 1
29 8 30 1 2
29 8 30 2 6
29 8 30 3 1
29 8 30 7 1
29 8 30 10 2
29 8 30 11 1
29 8 30 14 1
29 8 30 15 2
29 8 30 17 1
29 9 30 0 1
29 9 30 1 1
29 9 30 5 1
29 9 30 10 1
29 9 30 11 1
29 9 30 14 5
29 9 30 15 2
29 9 30 16 2
29 9 30 17 1
29 10 30 7 1
29 10 30 8 1
29 10 30 9 1
29 10 30 11 1
29 10 30 12 1
29 10 30 17 1
29 10 30 18 2
29 11 30 0 1
29 11 30 1 1
29 11 30 5 1
29 11 30 7 2
29 11 30 10 1
29 11 30 11 2
29 11 30 12 1
29 11 30 14 1
29 11 30 15 2
29 11 30 16 2
29 11 30 18 1
29 12 30 0 1
29 12 30 6 1
29 12 30 7 1
29 12 30 8 2
29 12 30 10 1
29 12 30 15 1
29 12 30 16 1
29 12 30 17 1
29 13 30 1 1
29 13 30 2 1
29 13 30 3 1
29 13 30 6 2
29 13 30 7 3
29 13 30 8 1
29 13 30 11 2
29 13 30 12 1
29 13 30 14 1
29 13 30 15 1
29 14 30 2 2
29 14 30 3 3
29 14 30 5 1
29 14 30 7 1
29 14 30 9 1
29 14 30 12 1
29 14 30 15 1
29 14 30 17 2
29 15 30 0 2
29 15 30 1 1
29 15 30 2 1
29 15 30 9 2
29 15 30 10 1
29 15 30 12 1
29 15 30 15 1
29 15 30 17 1
30 0 31 1 4
30 0 31 7 1
30 0 31 8 1
30 0 31 9 2
30 0 31 10 2
30 0 31 11 2
30 0 31 12 1
30 1 31 0 1
30 1 31 2 1
30 1 31 3 2
30 1 31 5 1
30 1 31 6 2
30 1 31 7 1
30 1 31 8 1
30 1 31 9 1
30 1 31 10 1
30 1 31 11 1
30 1 31 13 1
30 2 31 1 1
30 2 31 3 1
30 2 31 5 1
30 2 31 6 4
30 2 31 7 1
30 2 31 8 2
30 2 31 9 1
30 2 31 10 4
30 3 31 3 1
30 3 31 4 1
30 3 31 6 1
30 3 31 7 2
30 3 31 10 1
30 3 31 12 2
30 3 31 13 1
30 4 31 1 1
30 5 31 1 1
30 5 31 2 2
30 5 31 5 1
30 5 31 8 1
30 6 31 5 1
30 6 31 12 1
30 7 31 0 1
30 7 31 1 3
30 7 31 2 2
30 7 31 4 1
30 7 31 5 2
30 7 31 7 1
30 7 31 9 2
30 7 31 12 2
30 8 31 0 1
30 8 31 1 1
30 8 31 3 1
30 8 31 9 1
30 8 31 11 1
30 8 31 13 1
30 9 31 0 1
30 9 31 10 2
30 9 31 11 1
30 9 31 13 1
30 10 31 0 1
30 10 31 4 2
30 10 31 5 1
30 10 31 7 1
30 10 31 8 1
30 10 31 10 1
30 10 31 11 1
30 11 31 1 1
30 11 31 2 1
30 11 31 3 1
30 11 31 6 1
30 11 31 11 2
30 12 31 0 1
30 12 31 1 1
30 12 31 4 1
30 12 31 6 2
30 12 31 7 1
30 12 31 8 1
30 12 31 11 2
30 12 31 13 3
30 13 31 0 1
30 13 31 1 1
30 13 31 2 1
30 13 31 5 1
30 13 31 12 1
30 14 31 1 1
30 14 31 3 1
30 14 31 5 1
30 14 31 6 2
30 14 31 7 5
30 14 31 10 1
30 14 31 11 1
30 14 31 12 2
30 15 31 0 2
30 15 31 1 1
30 15 31 2 1
30 15 31 3 1
30 15 31 4 1
30 15 31 5 1
30 15 31 6 1
30 15 31 7 1
30 15 31 11 2
30 15 31 12 1
30 15 31 13 1
30 16 31 2 2
30 16 31 8 1
30 16 31 10 1
30 17 31 3 1
30 17 31 6 3
30 17 31 7 1
30 17 31 8 3
30 17 31 10 2
30 17 31 13 2
30 18 31 1 1
30 18 31 4 1
30 18 31 5 1
30 18 31 8 1
30 18 31 10 1
31 0 32 5 2
31 0 32 11 1
31 1 32 1 2
31 1 32 2 1
31 1 32 3 1
31 1 32 4 1
31 1 32 8 1
31 1 32 10 1
31 1 32 11 1
31 1 32 13 1
31 1 32 14 1
31 2 32 1 1
31 2 32 2 1
31 2 32 4 1
31 2 32 5 1
31 2 32 6 1
31 2 32 10 2
31 2 32 14 1
31 3 32 0 1
31 3 32 1 1
31 3 32 12 1
31 3 32 14 2
31 4 32 0 1
31 4 32 3 1
31 4 32 4 1
31 4 32 11 1
31 4 32 13 2
31 5 32 3 1
31 5 32 6 1
31 5 32 9 1
31 5 32 11 2
31 5 32 13 1
31 5 32 14 1
31 6 32 0 1
31 6 32 1 2
31 6 32 4 1
31 6 32 5 6
31 6 32 6 2
31 6 32 7 2
31 6 32 8 1
31 6 32 13 1
31 6 32 14 1
31 7 32 1 1
31 7 32 3 3
31 7 32 4 1
31 7 32 5 3
31 7 32 6 2
31 7 32 8 1
31 7 32 10 1
31 7 32 13 1
31 7 32 14 1
31 8 32 0 3
31 8 32 2 1
31 8 32 5 1
31 8 32 7 1
31 8 32 13 1
31 8 32 14 2
31 9 32 0 1
31 9 32 5 1
31 9 32 7 1
31 9 32 8 1
31 9 32 9 2
31 9 32 11 1
31 10 32 0 1
31 10 32 1 1
31 10 32 2 1
31 10 32 5 3
31 10 32 6 2
31 10 32 8 1
31 10 32 9 2
31 10 32 11 1
31 11 32 0 2
31 11 32 3 2
31 11 32 6 1
31 11 32 7 1
31 11 32 8 2
31 11 32 9 2
31 11 32 10 1
31 11 32 11 2
31 11 32 12 2
31 12 32 1 1
31 12 32 10 2
31 12 32 11 1
31 12 32 12 1
31 12 32 13 2
31 13 32 5 2
31 13 32 6 1
31 13 32 9 2
31 13 32 13 1
31 13 32 14 2
32 0 33 0 1
32 1 33 5 1
32 2 33 2 1
32 3 33 2 2
32 5 33 5 1
32 9 33 1 1
32 10 33 4 1
33 0 34 10 1
33 0 34 13 1
33 1 34 5 1
33 2 34 5 1
33 3 34 4 1
33 5 34 3 1
34 0 35 0 1
34 0 35 3 1
34 0 35 6 1
34 0 35 7 1
34 0 35 9 1
34 1 35 0 1
34 1 35 1 2
34 1 35 3 1
34 2 35 0 2
34 2 35 2 1
34 2 35 8 1
34 2 35 10 1
34 3 35 2 5
34 3 35 5 2
34 3 35 6 2
34 3 35 10 3
34 3 35 11 1
34 4 35 5 1
34 4 35 6 1
34 4 35 10 1
34 5 35 4 1
34 5 35 6 1
34 5 35 8 1
34 5 35 10 1
34 5 35 11 2
34 6 35 5 1
34 6 35 6 1
34 6 35 8 1
34 6 35 9 2
34 6 35 10 1
34 6 35 11 1
34 7 35 1 1
34 7 35 2 3
34 7 35 6 1
34 7 35 8 2
34 7 35 10 1
34 7 35 11 1
34 8 35 1 1
34 8 35 2 1
34 8 35 3 1
34 8 35 4 1
34 8 35 5 1
34 8 35 6 1
34 8 35 7 1
34 8 35 8 2
34 8 35 10 2
34 8 35 11 2
34 9 35 1 2
34 9 35 3 1
34 9 35 5 1
34 9 35 9 2
34 9 35 11 3
34 10 35 4 1
34 10 35 6 1
34 10 35 7 1
34 10 35 10 1
34 10 35 11 2
34 11 35 0 1
34 11 35 1 1
34 11 35 2 1
34 11 35 5 2
34 11 35 7 1
34 11 35 8 1
34 12 35 4 1
34 12 35 5 1
34 12 35 7 1
34 12 35 9 1
34 13 35 0 1
34 13 35 1 1
34 13 35 2 1
34 13 35 3 1
34 13 35 4 1
34 13 35 5 1
34 13 35 6 1
34 13 35 9 2
34 13 35 10 2
34 13 35 11 2
35 0 36 0 2
35 0 36 5 1
35 1 36 2 1
35 1 36 3 1
35 1 36 7 1
35 1 36 8 2
35 1 36 11 2
35 2 36 3 1
35 2 36 6 1
35 2 36 7 1
35 2 36 9 4
35 2 36 10 4
35 2 36 11 1
35 3 36 0 1
35 3 36 1 1
35 3 36 3 1
35 3 36 5 1
35 3 36 7 2
35 3 36 8 1
35 3 36 13 1
35 4 36 4 1
35 4 36 5 2
35 4 36 7 2
35 4 36 9 1
35 4 36 10 1
35 4 36 12 1
35 5 36 0 1
35 5 36 1 1
35 5 36 3 2
35 5 36 5 3
35 5 36 11 1
35 6 36 0 1
35 6 36 1 1
35 6 36 2 1
35 6 36 3 1
35 6 36 5 1
35 6 36 7 1
35 6 36 8 1
35 6 36 10 1
35 6 36 11 1
35 6 36 12 2
35 7 36 4 1
35 7 36 5 1
35 7 36 6 1
35 7 36 7 1
35 7 36 8 1
35 7 36 13 1
35 8 36 0 1
35 8 36 1 1
35 8 36 3 2
35 8 36 4 1
35 8 36 5 1
35 8 36 6 1
35 9 36 0 1
35 9 36 3 2
35 9 36 5 2
35 9 36 10 1
35 9 36 12 2
35 9 36 13 1
35 10 36 4 1
35 10 36 6 2
35 10 36 8 1
35 10 36 9 4
35 10 36 10 5
35 11 36 2 1
35 11 36 4 2
35 11 36 6 1
35 11 36 8 2
35 11 36 9 1
35 11 36 10 3
36 0 37 0 2
36 0 37 1 1
36 0 37 4 1
36 0 37 10 2
36 0 37 11 1
36 0 37 12 1
36 1 37 0 1
36 1 37 3 1
36 1 37 5 3
36 1 37 7 1
36 1 37 11 1
36 1 37 12 2
36 2 37 0 3
36 2 37 1 1
36 2 37 3 1
36 2 37 6 1
36 2 37 7 1
36 2 37 8 1
36 2 37 9 1
36 3 37 0 1
36 3 37 3 1
36 3 37 4 1
36 3 37 5 1
36 3 37 6 2
36 3 37 7 1
36 3 37 10 1
36 3 37 12 2
36 3 37 13 1
36 4 37 0 1
36 4 37 3 1
36 4 37 4 1
36 4 37 5 1
36 4 37 6 1
36 4 37 8 1
36 4 37 12 3
36 4 37 13 2
36 5 37 0 1
36 5 37 3 3
36 5 37 4 1
36 5 37 7 1
36 5 37 9 1
36 5 37 11 1
36 5 37 12 2
36 5 37 13 3
36 6 37 0 1
36 6 37 2 1
36 6 37 8 1
36 6 37 9 2
36 6 37 10 1
36 6 37 12 1
36 7 37 0 1
36 7 37 1 1
36 7 37 2 1
36 7 37 3 1
36 7 37 4 1
36 7 37 7 2
36 7 37 9 1
36 8 37 0 1
36 8 37 4 1
36 8 37 5 1
36 8 37 7 1
36 8 37 9 2
36 8 37 10 2
36 8 37 13 1
36 9 37 8 5
36 9 37 9 2
36 9 37 10 1
36 9 37 13 2
36 10 37 0 1
36 10 37 2 1
36 10 37 8 4
36 10 37 9 2
36 10 37 10 6
36 10 37 13 2
36 11 37 3 1
36 11 37 4 1
36 11 37 6 2
36 11 37 13 3
36 12 37 0 1
36 12 37 1 1
36 12 37 2 2
36 12 37 6 1
36 12 37 10 1
36 13 37 1 1
36 13 37 6 1
36 13 37 9 1
36 13 37 10 1
36 13 37 11 1
37 0 38 0 1
37 0 38 1 1
37 0 38 2 2
37 0 38 3 3
37 0 38 5 1
37 0 38 6 2
37 0 38 8 1
37 1 38 2 1
37 1 38 7 1
37 1 38 8 1
37 2 38 8 1
37 3 38 1 4
37 3 38 3 1
37 3 38 7 2
37 4 38 0 1
37 4 38 4 1
37 4 38 5 1
37 4 38 8 1
37 5 38 1 1
37 5 38 2 1
37 5 38 5 1
37 5 38 6 1
37 6 38 1 1
37 6 38 2 1
37 6 38 3 1
37 6 38 5 1
37 6 38 7 1
37 7 38 1 1
37 7 38 5 1
37 7 38 6 1
37 7 38 7 2
37 8 38 0 1
37 8 38 1 2
37 8 38 2 2
37 8 38 4 7
37 9 38 0 3
37 9 38 1 1
37 9 38 2 1
37 9 38 3 1
37 9 38 4 1
37 9 38 5 1
37 9 38 6 3
37 10 38 1 1
37 10 38 2 6
37 10 38 3 1
37 10 38 4 1
37 10 38 5 2
37 10 38 7 2
37 11 38 7 1
37 11 38 8 1
37 12 38 0 2
37 12 38 2 1
37 12 38 3 2
37 12 38 6 2
37 12 38 8 2
37 13 38 0 2
37 13 38 1 3
37 13 38 2 1
37 13 38 3 1
37 13 38 5 2
37 13 38 6 1
37 13 38 7 1
37 13 38 8 1
38 0 39 1 1
38 0 39 4 1
38 0 39 5 3
38 0 39 6 1
38 0 39 7 1
38 0 39 8 2
38 0 39 9 2
38 1 39 1 1
38 1 39 5 2
38 1 39 6 4
38 1 39 8 2
38 1 39 9 1
38 1 39 11 3
38 1 39 12 1
38 2 39 0 1
38 2 39 1 1
38 2 39 5 4
38 2 39 6 3
38 2 39 7 2
38 2 39 8 1
38 2 39 9 3
38 2 39 11 1
38 3 39 0 1
38 3 39 2 2
38 3 39 3 3
38 3 39 9 2
38 3 39 10 1
38 3 39 11 1
38 3 39 12 2
38 4 39 6 5
38 4 39 7 1
38 4 39 8 2
38 4 39 9 1
38 4 39 10 1
38 4 39 12 1
38 5 39 5 3
38 5 39 6 1
38 5 39 7 1
38 5 39 9 1
38 5 39 10 1
38 5 39 12 1
38 6 39 1 1
38 6 39 2 1
38 6 39 5 2
38 6 39 7 2
38 6 39 8 2
38 6 39 10 1
38 7 39 1 1
38 7 39 3 2
38 7 39 4 1
38 7 39 5 2
38 7 39 6 1
38 7 39 11 2
38 8 39 5 1
38 8 39 8 1
38 8 39 9 2
38 8 39 10 1
39 0 40 0 1
39 0 40 2 1
39 0 40 4 2
39 0 40 7 1
39 0 40 8 1
39 0 40 10 2
39 1 40 0 3
39 1 40 5 2
39 1 40 7 1
39 1 40 8 2
39 1 40 11 1
39 2 40 8 1
39 2 40 10 1
39 3 40 1 1
39 3 40 2 1
39 3 40 3 1
39 3 40 8 1
39 3 40 11 2
39 4 40 0 1
39 4 40 5 1
39 4 40 6 1
39 4 40 9 1
39 4 40 11 1
39 5 40 0 4
39 5 40 2 2
39 5 40 3 1
39 5 40 4 1
39 5 40 5 4
39 5 40 6 2
39 5 40 9 2
39 5 40 10 3
39 6 40 0 3
39 6 40 1 2
39 6 40 2 4
39 6 40 6 2
39 6 40 8 2
39 6 40 9 3
39 6 40 11 1
39 7 40 1 1
39 7 40 2 2
39 7 40 4 1
39 7 40 6 2
39 7 40 8 2
39 8 40 0 2
39 8 40 1 1
39 8 40 2 1
39 8 40 6 1
39 8 40 7 2
39 8 40 9 1
39 8 40 11 1
39 9 40 1 2
39 9 40 2 2
39 9 40 3 1
39 9 40 4 3
39 9 40 8 2
39 9 40 10 3
39 9 40 11 1
39 10 40 6 2
39 10 40 11 1
39 11 40 0 1
39 11 40 2 3
39 11 40 5 4
39 11 40 10 1
39 11 40 11 3
39 12 40 5 2
39 12 40 6 1
39 12 40 7 1
39 12 40 8 1
39 12 40 10 2
39 12 40 11 2
40 0 41 3 4
40 0 41 5 1
40 0 41 6 1
40 1 41 6 1
40 1 41 7 1
40 3 41 6 1
40 4 41 0 1
40 5 41 4 1
40 6 41 3 1
40 7 41 0 1
40 7 41 7 1
40 8 41 4 1
40 8 41 7 2
40 9 41 5 1
40 10 41 0 1
40 11 41 0 1
40 11 41 2 1
40 11 41 5 1
41 0 42 0 1
41 0 42 12 1
41 0 42 15 1
41 2 42 17 1
41 3 42 1 1
41 3 42 8 1
41 5 42 0 1
41 5 42 7 1
41 5 42 8 2
41 5 42 15 1
41 6 42 0 1
41 6 42 6 1
41 6 42 8 1
41 6 42 13 1
41 7 42 1 2
41 7 42 5 1
41 7 42 16 1
42 0 43 0 2
42 0 43 2 3
42 0 43 5 1
42 0 43 6 1
42 0 43 8 3
42 0 43 9 1
42 1 43 1 2
42 1 43 5 2
42 1 43 6 2
42 1 43 8 2
42 1 43 9 1
42 2 43 4 1
42 2 43 5 1
42 2 43 6 2
42 2 43 7 1
42 2 43 8 2
42 2 43 9 2
42 3 43 0 1
42 3 43 1 1
42 3 43 2 2
42 3 43 5 1
42 3 43 9 1
42 4 43 9 1
42 5 43 3 1
42 5 43 5 1
42 5 43 6 2
42 5 43 7 2
42 5 43 8 1
42 6 43 0 1
42 6 43 3 2
42 6 43 4 2
42 6 43 6 1
42 6 43 7 1
42 6 43 8 1
42 6 43 9 2
42 7 43 1 2
42 7 43 7 2
42 8 43 2 2
42 8 43 3 2
42 8 43 4 2
42 8 43 5 1
42 8 43 7 3
42 8 43 8 1
42 9 43 1 1
42 9 43 2 1
42 9 43 5 1
42 9 43 6 2
42 9 43 7 1
42 10 43 1 1
42 10 43 5 1
42 10 43 9 1
42 11 43 2 1
42 11 43 6 1
42 11 43 7 1
42 11 43 8 2
42 11 43 9 1
42 12 43 0 1
42 12 43 4 1
42 12 43 5 1
42 12 43 8 1
42 13 43 1 2
42 13 43 3 1
42 13 43 5 2
42 13 43 6 2
42 13 43 9 2
42 15 43 0 2
42 15 43 1 1
42 15 43 4 2
42 15 43 5 1
42 15 43 6 1
42 15 43 9 2
42 16 43 1 1
42 16 43 3 1
42 16 43 4 4
42 16 43 6 2
42 16 43 7 1
42 16 43 8 1
42 17 43 3 1
43 0 44 0 1
43 0 44 1 1
43 0 44 3 1
43 0 44 4 1
43 0 44 11 1
43 1 44 6 1
43 1 44 8 2
43 1 44 10 2
43 1 44 13 1
43 2 44 4 2
43 2 44 6 1
43 2 44 7 1
43 2 44 9 1
43 2 44 10 1
43 2 44 11 2
43 2 44 13 1
43 3 44 1 1
43 3 44 3 1
43 3 44 4 3
43 3 44 6 1
43 3 44 7 1
43 3 44 9 1
43 3 44 12 1
43 3 44 13 1
43 4 44 3 6
43 4 44 7 1
43 4 44 9 1
43 4 44 12 3
43 4 44 13 1
43 5 44 0 1
43 5 44 1 1
43 5 44 2 1
43 5 44 3 1
43 5 44 4 1
43 5 44 6 1
43 5 44 7 1
43 5 44 9 2
43 5 44 10 1
43 6 44 1 2
43 6 44 3 4
43 6 44 4 1
43 6 44 6 3
43 6 44 7 2
43 6 44 8 1
43 6 44 9 1
43 6 44 11 1
43 7 44 3 3
43 7 44 4 2
43 7 44 6 1
43 7 44 8 1
43 7 44 9 2
43 7 44 10 1
43 7 44 12 1
43 8 44 0 1
43 8 44 1 2
43 8 44 3 3
43 8 44 6 2
43 8 44 7 3
43 8 44 12 1
43 8 44 13 3
43 9 44 3 2
43 9 44 4 1
43 9 44 5 1
43 9 44 6 2
43 9 44 7 1
43 9 44 9 4
43 9 44 10 3
44 0 45 7 1
44 1 45 2 1
44 1 45 8 1
44 1 45 9 3
44 2 45 3 1
44 2 45 5 1
44 2 45 6 1
44 3 45 0 2
44 3 45 1 4
44 3 45 2 2
44 3 45 4 2
44 3 45 5 1
44 3 45 6 2
44 3 45 7 1
44 3 45 8 2
44 3 45 9 2
44 4 45 0 2
44 4 45 2 1
44 4 45 3 1
44 4 45 4 2
44 4 45 5 1
44 4 45 6 1
44 4 45 9 2
44 5 45 3 1
44 5 45 5 1
44 6 45 1 2
44 6 45 2 1
44 6 45 3 1
44 6 45 4 1
44 6 45 6 2
44 6 45 7 1
44 6 45 9 1
44 7 45 0 1
44 7 45 1 1
44 7 45 3 3
44 7 45 4 1
44 7 45 7 3
44 7 45 9 3
44 8 45 0 1
44 8 45 4 1
44 8 45 5 1
44 8 45 6 1
44 8 45 7 1
44 8 45 8 1
44 9 45 0 1
44 9 45 2 3
44 9 45 5 1
44 9 45 6 1
44 9 45 8 1
44 10 45 1 1
44 10 45 7 1
44 10 45 8 1
44 11 45 1 1
44 11 45 2 1
44 12 45 0 2
44 12 45 4 2
44 13 45 2 1
44 13 45 3 1
44 13 45 4 1
44 13 45 7 3
44 13 45 8 1
45 0 46 2 1
45 0 46 3 2
45 0 46 4 1
45 0 46 6 1
45 0 46 7 1
45 0 46 8 1
45 0 46 9 2
45 0 46 10 2
45 0 46 15 2
45 1 46 3 3
45 1 46 12 1
45 1 46 14 1
45 2 46 2 1
45 2 46 4 1
45 2 46 6 2
45 2 46 9 1
45 2 46 10 1
45 2 46 12 1
45 3 46 2 1
45 3 46 5 1
45 3 46 6 1
45 3 46 7 2
45 3 46 8 1
45 3 46 10 1
45 4 46 1 1
45 4 46 2 3
45 4 46 3 2
45 4 46 7 1
45 4 46 8 1
45 4 46 10 1
45 4 46 16 1
45 5 46 2 1
45 5 46 5 1
45 5 46 7 2
45 5 46 9 1
45 5 46 16 2
45 6 46 2 1
45 6 46 6 1
45 6 46 10 1
45 6 46 14 1
45 6 46 16 3
45 7 46 1 1
45 7 46 2 1
45 7 46 3 1
45 7 46 5 2
45 7 46 8 1
45 7 46 10 1
45 7 46 11 1
45 7 46 15 2
45 7 46 16 1
45 8 46 2 1
45 8 46 6 1
45 8 46 7 1
45 8 46 9 1
45 8 46 11 1
45 8 46 16 1
45 9 46 2 2
45 9 46 5 1
45 9 46 6 1
45 9 46 7 2
45 9 46 10 3
45 9 46 16 3
46 0 47 1 1
46 0 47 2 1
46 0 47 3 1
46 0 47 11 1
46 0 47 12 1
46 1 47 4 1
46 1 47 5 1
46 2 47 0 2
46 2 47 3 1
46 2 47 4 1
46 2 47 5 2
46 2 47 7 4
46 2 47 8 2
46 2 47 9 3
46 2 47 11 1
46 2 47 12 2
46 2 47 13 2
46 3 47 0 3
46 3 47 7 1
46 3 47 10 1
46 3 47 11 1
46 3 47 13 3
46 4 47 0 1
46 4 47 1 3
46 4 47 4 1
46 4 47 6 1
46 4 47 10 1
46 4 47 11 1
46 4 47 13 1
46 5 47 1 2
46 5 47 2 2
46 5 47 4 1
46 5 47 6 1
46 5 47 7 1
46 5 47 9 1
46 5 47 10 2
46 5 47 11 1
46 5 47 12 1
46 5 47 13 1
46 6 47 0 1
46 6 47 1 2
46 6 47 3 3
46 6 47 6 1
46 6 47 8 1
46 6 47 9 1
46 6 47 10 1
46 6 47 11 1
46 6 47 12 2
46 7 47 0 1
46 7 47 1 1
46 7 47 2 1
46 7 47 5 1
46 7 47 6 1
46 7 47 8 1
46 7 47 9 1
46 7 47 10 1
46 7 47 11 3
46 7 47 12 2
46 7 47 13 4
46 8 47 1 2
46 8 47 3 1
46 8 47 4 1
46 8 47 6 1
46 8 47 7 1
46 8 47 9 1
46 9 47 4 2
46 9 47 5 1
46 9 47 6 1
46 9 47 7 2
46 9 47 8 1
46 9 47 9 1
46 9 47 10 1
46 9 47 12 1
46 9 47 13 2
46 10 47 0 1
46 10 47 1 1
46 10 47 3 2
46 10 47 7 2
46 10 47 8 2
46 10 47 9 2
46 10 47 10 1
46 10 47 13 4
46 11 47 1 1
46 11 47 3 1
46 11 47 4 1
46 11 47 5 2
46 11 47 12 1
46 12 47 0 1
46 12 47 4 1
46 12 47 11 1
46 13 47 1 2
46 13 47 4 1
46 13 47 7 1
46 13 47 8 1
46 13 47 9 2
46 14 47 3 2
46 14 47 5 1
46 14 47 6 1
46 14 47 8 1
46 14 47 11 1
46 15 47 2 1
46 15 47 3 1
46 15 47 6 2
46 15 47 7 1
46 15 47 10 2
46 15 47 12 2
46 16 47 0 4
46 16 47 4 1
46 16 47 6 1
46 16 47 7 5
46 16 47 8 1
46 16 47 9 2
46 16 47 10 1
46 16 47 11 1
46 16 47 13 1
47 0 48 0 1
47 0 48 1 1
47 0 48 3 5
47 0 48 4 2
47 0 48 6 4
47 0 48 11 1
47 1 48 0 1
47 1 48 4 1
47 1 48 5 2
47 1 48 7 1
47 1 48 9 2
47 1 48 11 1
47 2 48 0 1
47 2 48 9 2
47 2 48 11 1
47 2 48 12 1
47 2 48 13 1
47 3 48 0 1
47 3 48 1 1
47 3 48 3 1
47 3 48 4 1
47 3 48 11 1
47 3 48 14 1
47 3 48 15 1
47 4 48 2 2
47 4 48 7 1
47 4 48 11 1
47 4 48 13 1
47 4 48 15 3
47 5 48 1 1
47 5 48 5 1
47 5 48 6 1
47 5 48 10 1
47 5 48 11 2
47 5 48 15 1
47 6 48 1 1
47 6 48 6 1
47 6 48 8 1
47 6 48 9 3
47 6 48 11 1
47 6 48 13 1
47 7 48 1 1
47 7 48 3 1
47 7 48 4 3
47 7 48 6 3
47 7 48 7 1
47 7 48 11 1
47 7 48 12 4
47 7 48 13 1
47 8 48 2 1
47 8 48 3 1
47 8 48 4 1
47 8 48 6 2
47 8 48 13 1
47 8 48 15 3
47 9 48 0 2
47 9 48 1 1
47 9 48 2 1
47 9 48 4 2
47 9 48 5 1
47 9 48 7 1
47 9 48 11 2
47 9 48 12 1
47 9 48 13 4
47 10 48 3 1
47 10 48 6 1
47 10 48 7 1
47 10 48 8 1
47 10 48 12 1
47 10 48 13 1
47 11 48 1 2
47 11 48 5 1
47 11 48 6 1
47 11 48 7 1
47 11 48 8 2
47 11 48 12 3
47 11 48 13 1
47 11 48 14 1
47 12 48 1 1
47 12 48 5 1
47 12 48 8 1
47 12 48 10 1
47 12 48 11 1
47 12 48 12 2
47 12 48 13 3
47 12 48 14 1
47 13 48 2 1
47 13 48 3 1
47 13 48 4 3
47 13 48 5 1
47 13 48 7 1
47 13 48 8 1
47 13 48 12 5
47 13 48 13 4
47 13 48 15 1
48 0 49 0 1
48 0 49 1 1
48 0 49 3 2
48 0 49 5 2
48 0 49 6 1
48 1 49 0 1
48 1 49 1 1
48 1 49 2 3
48 2 49 1 1
48 2 49 4 1
48 2 49 5 1
48 3 49 3 2
48 3 49 6 3
48 3 49 7 6
48 4 49 0 2
48 4 49 1 2
48 4 49 2 2
48 4 49 3 4
48 4 49 4 1
48 4 49 6 1
48 4 49 7 1
48 5 49 0 1
48 5 49 3 1
48 5 49 4 1
48 5 49 5 1
48 6 49 2 1
48 6 49 3 3
48 6 49 4 3
48 6 49 6 3
48 6 49 7 4
48 7 49 1 1
48 8 49 2 3
48 8 49 5 1
48 8 49 6 1
48 9 49 0 1
48 9 49 1 2
48 9 49 5 1
48 10 49 5 1
48 11 49 0 3
48 11 49 2 2
48 11 49 4 2
48 11 49 5 1
48 11 49 6 1
48 12 49 0 2
48 12 49 1 2
48 12 49 3 2
48 12 49 4 3
48 12 49 5 2
48 12 49 6 2
48 13 49 0 2
48 13 49 1 2
48 13 49 2 2
48 13 49 4 4
48 13 49 5 1
48 13 49 6 1
48 13 49 7 1
48 14 49 3 1
48 14 49 5 1
48 14 49 7 1
48 15 49 0 3
48 15 49 1 1
48 15 49 2 1
49 0 50 1 4
49 0 50 2 1
49 0 50 3 3
49 0 50 5 2
49 0 50 6 2
49 0 50 8 1
49 0 50 9 1
49 0 50 10 1
49 1 50 2 1
49 1 50 4 1
49 1 50 5 1
49 1 50 6 3
49 1 50 8 1
49 1 50 9 3
49 1 50 11 1
49 2 50 1 2
49 2 50 2 2
49 2 50 3 1
49 2 50 5 2
49 2 50 7 1
49 2 50 9 1
49 2 50 10 1
49 3 50 1 1
49 3 50 2 3
49 3 50 4 1
49 3 50 5 8
49 3 50 7 1
49 4 50 0 1
49 4 50 1 4
49 4 50 2 4
49 4 50 3 2
49 4 50 4 2
49 4 50 5 1
49 4 50 8 1
49 4 50 9 1
49 4 50 11 1
49 5 50 0 2
49 5 50 2 2
49 5 50 6 1
49 5 50 8 2
49 5 50 10 1
49 5 50 12 1
49 6 50 1 1
49 6 50 2 4
49 6 50 3 1
49 6 50 4 3
49 6 50 5 3
49 7 50 1 1
49 7 50 3 1
49 7 50 5 6
49 7 50 7 1
50 0 51 6 2
50 0 51 7 2
50 0 51 9 1
50 0 51 10 1
50 1 51 0 1
50 1 51 1 1
50 1 51 2 1
50 1 51 4 3
50 1 51 5 2
50 1 51 6 1
50 1 51 8 5
50 1 51 9 4
50 1 51 11 2
50 1 51 13 1
50 2 51 1 1
50 2 51 2 1
50 2 51 3 1
50 2 51 4 3
50 2 51 5 4
50 2 51 8 2
50 2 51 11 4
50 2 51 12 2
50 2 51 13 1
50 3 51 0 1
50 3 51 3 3
50 3 51 4 1
50 3 51 6 1
50 3 51 7 2
50 3 51 8 2
50 3 51 11 2
50 3 51 12 3
50 3 51 13 2
50 4 51 0 2
50 4 51 1 1
50 4 51 5 2
50 4 51 8 2
50 4 51 9 2
50 4 51 10 1
50 4 51 11 1
50 4 51 13 1
50 5 51 0 1
50 5 51 1 1
50 5 51 4 1
50 5 51 5 4
50 5 51 8 3
50 5 51 9 2
50 5 51 11 3
50 5 51 12 10
50 6 51 0 3
50 6 51 4 2
50 6 51 5 1
50 6 51 8 2
50 6 51 10 1
50 6 51 11 1
50 7 51 1 1
50 7 51 4 2
50 7 51 6 1
50 7 51 8 2
50 7 51 10 1
50 7 51 11 1
50 7 51 12 2
50 7 51 13 1
50 8 51 1 1
50 8 51 2 1
50 8 51 4 2
50 8 51 5 1
50 8 51 7 2
50 8 51 8 1
50 8 51 13 3
50 9 51 0 2
50 9 51 4 2
50 9 51 7 2
50 9 51 8 1
50 9 51 9 1
50 9 51 11 1
50 9 51 12 1
50 10 51 1 1
50 10 51 5 1
50 10 51 6 3
50 10 51 8 1
50 11 51 0 1
50 11 51 1 1
50 11 51 2 3
50 11 51 4 1
50 11 51 5 1
50 11 51 6 1
50 11 51 10 1
50 11 51 13 1
50 12 51 0 2
50 12 51 2 2
50 12 51 4 1
50 12 51 7 1
51 0 52 0 2
51 0 52 1 1
51 0 52 2 1
51 0 52 4 2
51 0 52 6 3
51 0 52 9 1
51 0 52 11 2
51 1 52 1 2
51 1 52 4 1
51 1 52 6 2
51 1 52 8 1
51 2 52 6 1
51 2 52 7 1
51 2 52 9 3
51 2 52 10 1
51 3 52 7 1
51 3 52 8 1
51 3 52 11 1
51 4 52 3 1
51 4 52 4 1
51 4 52 5 2
51 4 52 6 1
51 4 52 7 4
51 4 52 8 1
51 4 52 9 1
51 4 52 10 2
51 5 52 0 3
51 5 52 1 2
51 5 52 2 1
51 5 52 3 2
51 5 52 4 2
51 5 52 5 1
51 5 52 7 2
51 5 52 8 1
51 5 52 11 2
51 6 52 3 3
51 6 52 5 1
51 6 52 8 1
51 6 52 10 1
51 7 52 1 1
51 7 52 3 1
51 7 52 4 1
51 7 52 8 1
51 7 52 9 2
51 7 52 10 1
51 8 52 0 2
51 8 52 1 2
51 8 52 2 1
51 8 52 4 3
51 8 52 5 1
51 8 52 8 3
51 8 52 10 1
51 8 52 11 1
51 9 52 0 1
51 9 52 1 1
51 9 52 4 1
51 9 52 8 1
51 9 52 9 1
51 9 52 11 1
51 10 52 1 1
51 10 52 4 2
51 10 52 6 1
51 10 52 9 1
51 10 52 10 1
51 11 52 0 2
51 11 52 1 1
51 11 52 4 2
51 11 52 5 3
51 11 52 7 1
51 11 52 8 1
51 11 52 11 1
51 12 52 0 1
51 12 52 4 2
51 12 52 5 6
51 12 52 8 2
51 12 52 9 1
51 12 52 10 2
51 13 52 3 1
51 13 52 4 3
52 0 53 1 1
52 0 53 2 1
52 0 53 3 1
52 0 53 4 1
52 0 53 6 1
52 0 53 8 1
52 0 53 11 2
52 0 53 13 1
52 0 53 14 2
52 1 53 3 1
52 1 53 4 1
52 1 53 7 1
52 1 53 8 1
52 1 53 10 1
52 1 53 11 2
52 1 53 14 1
52 2 53 9 1
52 2 53 11 1
52 2 53 14 3
52 3 53 1 1
52 3 53 4 1
52 3 53 6 1
52 3 53 7 1
52 3 53 9 1
52 3 53 13 1
52 3 53 14 1
52 3 53 15 1
52 4 53 1 1
52 4 53 3 3
52 4 53 5 1
52 4 53 8 2
52 4 53 11 2
52 4 53 12 2
52 4 53 13 4
52 4 53 14 2
52 4 53 15 1
52 5 53 0 4
52 5 53 1 1
52 5 53 3 1
52 5 53 4 1
52 5 53 6 1
52 5 53 8 1
52 5 53 12 2
52 5 53 13 6
52 6 53 0 1
52 6 53 1 1
52 6 53 6 1
52 6 53 10 1
52 6 53 11 1
52 6 53 13 1
52 7 53 0 2
52 7 53 1 1
52 7 53 2 1
52 7 53 3 2
52 7 53 4 1
52 7 53 5 2
52 7 53 12 1
52 8 53 0 2
52 8 53 3 1
52 8 53 4 1
52 8 53 7 1
52 8 53 8 1
52 8 53 10 3
52 8 53 11 2
52 8 53 13 1
52 8 53 14 1
52 9 53 4 1
52 9 53 7 1
52 9 53 8 2
52 9 53 10 1
52 9 53 13 2
52 10 53 0 1
52 10 53 4 1
52 10 53 5 1
52 10 53 6 1
52 10 53 8 1
52 10 53 11 1
52 11 53 1 2
52 11 53 8 3
52 11 53 9 1
52 11 53 11 2
52 11 53 12 1
52 11 53 13 1
52 11 53 14 1
52 11 53 15 1
53 0 54 1 1
53 0 54 3 1
53 0 54 4 1
53 0 54 5 4
53 0 54 8 1
53 1 54 0 1
53 1 54 1 1
53 1 54 2 1
53 1 54 4 1
53 1 54 7 2
53 2 54 2 1
53 2 54 6 1
53 3 54 1 2
53 3 54 3 2
53 3 54 4 2
53 3 54 5 1
53 3 54 6 1
53 3 54 8 2
53 3 54 9 1
53 4 54 1 1
53 4 54 4 1
53 4 54 9 1
53 5 54 0 1
53 5 54 3 1
53 5 54 6 1
53 7 54 3 1
53 7 54 7 2
53 7 54 9 2
53 8 54 0 2
53 8 54 1 1
53 8 54 4 2
53 8 54 6 2
53 8 54 7 1
53 8 54 9 2
53 9 54 2 1
53 10 54 1 1
53 10 54 3 1
53 10 54 5 1
53 10 54 7 1
53 10 54 9 1
53 11 54 0 1
53 11 54 1 1
53 11 54 3 4
53 11 54 4 1
53 11 54 5 1
53 11 54 6 3
53 12 54 1 1
53 12 54 5 2
53 12 54 9 1
53 13 54 3 1
53 13 54 4 3
53 13 54 5 3
53 13 54 6 1
53 13 54 7 2
53 13 54 8 3
53 13 54 9 1
53 14 54 1 1
53 14 54 4 1
53 14 54 9 1
53 15 54 4 2
53 15 54 7 1
53 15 54 9 1
54 0 55 1 1
54 0 55 2 1
54 0 55 6 1
54 0 55 9 1
54 1 55 1 1
54 1 55 2 1
54 1 55 3 2
54 1 55 6 2
54 1 55 7 2
54 1 55 9 1
54 2 55 5 1
54 2 55 7 1
54 2 55 9 2
54 3 55 1 1
54 3 55 3 1
54 3 55 4 1
54 3 55 5 1
54 3 55 6 2
54 4 55 0 1
54 4 55 2 1
54 4 55 3 4
54 4 55 4 2
54 4 55 5 3
54 4 55 8 3
54 4 55 9 1
54 5 55 0 3
54 5 55 1 1
54 5 55 2 1
54 5 55 4 1
54 5 55 5 5
54 5 55 8 1
54 6 55 0 1
54 6 55 2 2
54 6 55 5 1
54 6 55 6 2
54 6 55 7 1
54 7 55 4 1
54 7 55 5 2
54 7 55 6 1
54 7 55 7 2
54 7 55 9 1
54 8 55 2 2
54 8 55 3 1
54 8 55 7 1
54 8 55 8 2
54 9 55 0 1
54 9 55 4 3
54 9 55 5 1
54 9 55 9 1
55 0 56 2 1
55 0 56 7 2
55 0 56 10 1
55 1 56 2 2
55 1 56 3 2
55 1 56 6 1
55 1 56 7 2
55 1 56 9 1
55 1 56 13 3
55 1 56 15 1
55 2 56 7 1
55 2 56 10 2
55 2 56 12 1
55 2 56 13 2
55 2 56 14 1
55 3 56 7 2
55 3 56 9 1
55 3 56 10 2
55 3 56 13 2
55 3 56 14 1
55 4 56 0 2
55 4 56 2 1
55 4 56 5 3
55 4 56 7 1
55 4 56 8 1
55 4 56 11 1
55 4 56 13 3
55 4 56 15 1
55 5 56 4 1
55 5 56 6 2
55 5 56 7 6
55 5 56 8 1
55 5 56 10 4
55 5 56 13 2
55 5 56 15 1
55 6 56 5 1
55 6 56 6 1
55 6 56 7 2
55 6 56 8 1
55 6 56 9 2
55 6 56 10 1
55 6 56 12 1
55 6 56 13 3
55 7 56 1 2
55 7 56 4 1
55 7 56 5 4
55 7 56 6 1
55 7 56 7 3
55 7 56 9 2
55 7 56 10 2
55 7 56 11 1
55 7 56 12 1
55 7 56 13 1
55 8 56 3 1
55 8 56 7 4
55 8 56 10 3
55 9 56 1 1
55 9 56 5 1
55 9 56 6 2
55 9 56 7 1
55 9 56 8 1
55 9 56 9 1
55 9 56 10 1
55 9 56 12 1
55 9 56 14 1
55 9 56 15 1
56 0 57 3 1
56 0 57 8 1
56 0 57 9 1
56 1 57 0 1
56 1 57 1 1
56 2 57 3 1
56 3 57 0 1
56 3 57 2 1
56 3 57 3 1
56 3 57 4 1
56 3 57 10 2
56 4 57 1 1
56 4 57 8 1
56 5 57 2 1
56 5 57 4 1
56 5 57 8 4
56 5 57 9 1
56 5 57 10 1
56 6 57 0 2
56 6 57 2 2
56 6 57 3 1
56 6 57 4 1
56 6 57 8 1
56 7 57 0 1
56 7 57 1 2
56 7 57 2 4
56 7 57 3 1
56 7 57 4 3
56 7 57 5 2
56 7 57 6 3
56 7 57 7 4
56 7 57 8 1
56 7 57 9 3
56 7 57 10 1
56 8 57 0 1
56 8 57 2 1
56 8 57 3 1
56 8 57 4 1
56 9 57 1 2
56 9 57 3 1
56 9 57 4 1
56 9 57 6 1
56 9 57 7 1
56 9 57 8 1
56 9 57 10 1
56 10 57 1 2
56 10 57 2 1
56 10 57 4 2
56 10 57 5 2
56 10 57 6 4
56 10 57 7 2
56 10 57 9 2
56 10 57 10 1
56 11 57 2 1
56 11 57 3 3
56 11 57 4 2
56 11 57 9 1
56 11 57 10 4
56 12 57 0 2
56 12 57 3 1
56 12 57 4 1
56 12 57 5 2
56 12 57 9 1
56 12 57 10 1
56 13 57 0 2
56 13 57 1 2
56 13 57 2 1
56 13 57 4 3
56 13 57 6 4
56 13 57 7 2
56 13 57 8 3
56 13 57 9 1
56 14 57 0 1
56 14 57 1 1
56 14 57 3 1
56 14 57 8 1
56 15 57 1 2
56 15 57 2 2
56 15 57 3 1
56 15 57 6 1
56 15 57 10 1
57 0 58 1 3
57 0 58 2 2
57 0 58 6 1
57 0 58 7 1
57 1 58 1 1
57 1 58 5 1
57 2 58 1 3
57 2 58 4 2
57 2 58 6 1
57 3 58 2 1
57 3 58 5 2
57 3 58 6 1
57 3 58 7 1
57 4 58 0 3
57 4 58 1 1
57 4 58 2 4
57 4 58 3 3
57 4 58 4 2
57 4 58 6 1
57 4 58 7 1
57 5 58 6 1
57 6 58 0 1
57 6 58 3 1
57 6 58 4 1
57 6 58 6 2
57 6 58 7 1
57 7 58 0 1
57 7 58 2 1
57 7 58 4 2
57 7 58 5 1
57 7 58 6 3
57 7 58 7 2
57 8 58 0 2
57 8 58 2 1
57 8 58 3 1
57 8 58 5 1
57 9 58 0 2
57 9 58 1 1
57 9 58 2 4
57 9 58 5 2
57 9 58 6 1
57 10 58 2 1
57 10 58 6 2
58 0 59 0 1
58 0 59 3 1
58 0 59 6 1
58 0 59 7 2
58 0 59 8 2
58 0 59 9 1
58 1 59 3 1
58 1 59 6 2
58 1 59 7 1
58 1 59 8 1
58 1 59 10 1
58 2 59 0 6
58 2 59 4 1
58 2 59 7 2
58 2 59 9 1
58 2 59 10 2
58 2 59 12 3
58 3 59 1 1
58 3 59 6 2
58 3 59 7 1
58 3 59 9 1
58 3 59 12 1
58 4 59 0 1
58 4 59 3 1
58 4 59 5 1
58 4 59 6 1
58 4 59 7 1
58 4 59 8 1
58 4 59 11 1
58 5 59 3 1
58 5 59 8 3
58 5 59 9 1
58 5 59 10 1
58 5 59 12 3
58 6 59 3 1
58 6 59 4 1
58 6 59 6 3
58 6 59 7 2
58 6 59 8 1
58 6 59 9 1
58 6 59 10 3
58 7 59 3 1
58 7 59 4 1
58 7 59 5 1
58 7 59 6 1
58 7 59 7 1
58 7 59 12 1
59 0 60 3 1
59 0 60 5 4
59 0 60 6 1
59 0 60 7 1
59 0 60 11 1
59 0 60 12 1
59 1 60 1 1
59 1 60 7 1
59 1 60 9 1
59 1 60 13 1
59 1 60 15 3
59 2 60 1 2
59 2 60 3 1
59 2 60 4 1
59 2 60 7 1
59 2 60 10 1
59 2 60 11 1
59 2 60 14 1
59 2 60 15 1
59 3 60 0 1
59 3 60 1 1
59 3 60 6 1
59 3 60 7 1
59 3 60 8 1
59 3 60 10 1
59 3 60 12 2
59 3 60 15 4
59 4 60 1 1
59 4 60 4 1
59 4 60 5 3
59 4 60 6 1
59 4 60 11 1
59 4 60 14 2
59 5 60 2 2
59 5 60 4 2
59 6 60 0 1
59 6 60 1 1
59 6 60 3 2
59 6 60 5 6
59 6 60 7 2
59 6 60 8 1
59 6 60 9 1
59 6 60 12 1
59 6 60 16 1
59 7 60 1 2
59 7 60 5 1
59 7 60 7 3
59 7 60 10 1
59 7 60 12 1
59 7 60 16 1
59 8 60 1 2
59 8 60 3 1
59 8 60 4 1
59 8 60 10 1
59 8 60 12 2
59 8 60 15 1
59 8 60 16 2
59 9 60 2 1
59 9 60 3 1
59 9 60 4 1
59 9 60 7 2
59 9 60 10 1
59 9 60 11 3
59 9 60 12 2
59 9 60 14 1
59 10 60 1 4
59 10 60 2 1
59 10 60 5 2
59 10 60 7 1
59 10 60 9 1
59 10 60 12 1
59 11 60 0 1
59 11 60 1 1
59 11 60 3 1
59 11 60 7 1
59 11 60 9 1
59 11 60 11 1
59 11 60 13 2
59 11 60 15 1
59 12 60 0 1
59 12 60 1 1
59 12 60 2 1
59 12 60 3 1
59 12 60 5 2
59 12 60 7 1
59 12 60 10 1
59 12 60 11 1
59 12 60 12 2
59 12 60 14 2
59 12 60 15 4
60 0 61 2 1
60 0 61 7 1
60 0 61 8 1
60 1 61 0 6
60 1 61 2 1
60 1 61 4 2
60 1 61 5 1
60 1 61 7 2
60 1 61 10 3
60 2 61 7 1
60 2 61 11 2
60 3 61 0 1
60 3 61 2 1
60 3 61 3 3
60 3 61 4 2
60 3 61 5 1
60 3 61 6 1
60 3 61 10 1
60 4 61 1 1
60 4 61 9 1
60 4 61 10 1
60 4 61 11 1
60 5 61 0 4
60 5 61 2 3
60 5 61 6 2
60 5 61 7 5
60 5 61 10 1
60 5 61 11 1
60 6 61 1 1
60 6 61 4 1
60 7 61 0 2
60 7 61 2 1
60 7 61 4 1
60 7 61 5 2
60 7 61 7 4
60 7 61 9 1
60 8 61 1 2
60 8 61 10 1
60 9 61 0 1
60 9 61 1 1
60 9 61 7 1
60 9 61 11 2
60 10 61 0 1
60 10 61 3 1
60 10 61 4 1
60 10 61 6 2
60 10 61 7 1
60 11 61 4 1
60 11 61 11 1
60 12 61 0 1
60 12 61 1 1
60 12 61 2 2
60 12 61 4 1
60 12 61 7 2
60 12 61 8 1
60 12 61 11 2
60 13 61 1 1
60 13 61 4 1
60 13 61 6 1
60 13 61 8 1
60 13 61 9 1
60 14 61 2 1
60 14 61 5 1
60 15 61 0 2
60 15 61 1 1
60 15 61 4 1
60 15 61 5 2
60 15 61 6 2
60 15 61 7 1
60 15 61 9 1
60 16 61 0 1
60 16 61 2 1
61 0 62 0 1
61 0 62 2 2
61 0 62 3 3
61 0 62 4 2
61 0 62 7 6
61 0 62 8 1
61 0 62 9 1
61 0 62 10 1
61 0 62 11 3
61 0 62 12 1
61 1 62 5 1
61 1 62 10 1
61 1 62 11 2
61 2 62 0 2
61 2 62 3 1
61 2 62 7 1
61 2 62 8 2
61 2 62 9 2
61 2 62 10 1
61 2 62 11 2
61 2 62 12 3
61 3 62 8 1
61 3 62 12 2
61 4 62 0 1
61 4 62 3 1
61 4 62 5 1
61 4 62 7 3
61 4 62 8 2
61 4 62 9 1
61 4 62 10 1
61 5 62 1 2
61 5 62 6 1
61 5 62 10 1
61 6 62 0 1
61 6 62 1 1
61 6 62 2 1
61 6 62 3 1
61 6 62 7 1
61 7 62 0 6
61 7 62 2 3
61 7 62 5 1
61 7 62 7 2
61 7 62 8 1
61 7 62 10 1
61 7 62 11 2
61 8 62 3 1
61 8 62 5 2
61 8 62 8 1
61 8 62 10 1
61 9 62 2 3
61 9 62 4 1
61 9 62 8 1
61 10 62 1 2
61 10 62 4 1
61 10 62 5 1
61 10 62 6 1
61 10 62 11 1
61 11 62 0 1
61 11 62 1 1
61 11 62 3 1
61 11 62 4 2
61 11 62 6 2
61 11 62 7 1
62 0 63 0 1
62 0 63 1 1
62 0 63 3 4
62 0 63 4 1
62 0 63 5 1
62 0 63 6 2
62 0 63 10 2
62 0 63 12 1
62 1 63 3 1
62 1 63 6 1
62 1 63 7 1
62 1 63 8 2
62 1 63 9 2
62 2 63 1 1
62 2 63 2 2
62 2 63 5 2
62 2 63 6 4
62 2 63 9 2
62 2 63 10 1
62 2 63 11 1
62 2 63 13 1
62 3 63 1 1
62 3 63 2 2
62 3 63 3 2
62 3 63 4 1
62 3 63 9 3
62 3 63 10 1
62 3 63 12 1
62 3 63 13 3
62 4 63 0 1
62 4 63 1 1
62 4 63 8 2
62 4 63 9 1
62 4 63 10 1
62 4 63 11 1
62 4 63 12 1
62 5 63 0 1
62 5 63 2 1
62 5 63 3 2
62 5 63 4 1
62 5 63 11 2
62 6 63 1 1
62 6 63 4 1
62 6 63 5 1
62 6 63 7 2
62 7 63 2 1
62 7 63 3 3
62 7 63 4 4
62 7 63 6 4
62 7 63 12 1
62 8 63 0 1
62 8 63 2 1
62 8 63 3 2
62 8 63 4 1
62 8 63 6 1
62 8 63 8 1
62 8 63 9 1
62 8 63 11 3
62 9 63 0 1
62 9 63 4 1
62 9 63 5 1
62 9 63 6 1
62 9 63 8 1
62 9 63 9 1
62 9 63 10 2
62 9 63 11 2
62 10 63 1 2
62 10 63 6 3
62 10 63 10 1
62 10 63 12 1
62 11 63 0 1
62 11 63 1 1
62 11 63 4 1
62 11 63 5 1
62 11 63 6 1
62 11 63 8 2
62 11 63 10 1
62 11 63 12 1
62 12 63 1 1
62 12 63 2 1
62 12 63 9 1
62 12 63 10 1
62 12 63 13 1
63 0 64 1 1
63 0 64 2 1
63 0 64 3 1
63 0 64 4 4
63 0 64 7 1
63 1 64 0 1
63 1 64 1 1
63 1 64 2 4
63 1 64 7 2
63 1 64 8 1
63 1 64 11 1
63 2 64 0 1
63 2 64 5 2
63 2 64 6 1
63 2 64 7 1
63 2 64 11 1
63 2 64 12 1
63 3 64 1 4
63 3 64 3 1
63 3 64 4 2
63 3 64 8 1
63 3 64 9 2
63 3 64 10 4
63 3 64 11 3
63 4 64 0 2
63 4 64 1 4
63 4 64 2 1
63 4 64 9 1
63 4 64 10 2
63 5 64 1 2
63 5 64 6 1
63 5 64 11 1
63 5 64 12 3
63 6 64 0 1
63 6 64 1 5
63 6 64 2 1
63 6 64 4 3
63 6 64 7 1
63 6 64 9 3
63 6 64 10 4
63 6 64 11 1
63 7 64 3 1
63 7 64 9 3
63 7 64 12 1
63 8 64 0 2
63 8 64 1 1
63 8 64 3 1
63 8 64 5 1
63 8 64 8 1
63 8 64 10 1
63 9 64 0 2
63 9 64 2 1
63 9 64 3 1
63 9 64 8 3
63 9 64 9 3
63 9 64 11 2
63 9 64 12 1
63 10 64 0 2
63 10 64 1 1
63 10 64 2 1
63 10 64 3 1
63 10 64 4 1
63 10 64 6 3
63 10 64 7 2
63 10 64 8 3
63 10 64 9 1
63 10 64 11 1
63 11 64 3 3
63 11 64 6 1
63 11 64 9 1
63 11 64 12 2
63 12 64 1 1
63 12 64 3 1
63 12 64 5 2
63 12 64 7 1
63 12 64 8 3
63 12 64 9 1
63 12 64 11 2
63 12 64 12 1
63 13 64 2 1
63 13 64 3 1
63 13 64 4 1
63 13 64 6 1
63 13 64 8 2
63 13 64 12 1
64 0 65 1 1
64 0 65 4 1
64 0 65 9 1
64 1 65 1 1
64 1 65 2 1
64 1 65 3 3
64 1 65 4 1
64 1 65 5 1
64 1 65 7 1
64 1 65 8 3
64 2 65 0 2
64 2 65 8 1
64 3 65 5 1
64 3 65 6 2
64 4 65 0 3
64 4 65 1 2
64 4 65 5 3
64 5 65 3 1
64 5 65 7 2
64 5 65 8 1
64 6 65 2 2
64 6 65 9 1
64 7 65 3 1
64 7 65 4 2
64 7 65 9 1
64 8 65 2 2
64 8 65 4 1
64 8 65 6 1
64 8 65 8 1
64 8 65 9 1
64 9 65 0 2
64 9 65 2 1
64 9 65 4 1
64 9 65 5 2
64 9 65 6 1
64 9 65 8 1
64 9 65 9 2
64 10 65 0 1
64 10 65 1 1
64 10 65 3 2
64 10 65 5 1
64 10 65 6 2
64 10 65 7 1
64 11 65 1 1
64 11 65 7 1
64 11 65 8 2
64 11 65 9 1
64 12 65 2 1
64 12 65 4 1
64 12 65 7 1
65 0 66 2 2
65 0 66 4 1
65 0 66 5 2
65 0 66 6 2
65 0 66 9 2
65 1 66 6 2
65 1 66 7 1
65 1 66 11 1
65 2 66 1 1
65 2 66 3 1
65 2 66 7 1
65 2 66 8 1
65 2 66 11 1
65 3 66 0 1
65 3 66 6 2
65 3 66 7 2
65 3 66 9 1
65 3 66 10 1
65 4 66 7 2
65 4 66 9 1
65 4 66 10 1
65 4 66 11 1
65 5 66 0 1
65 5 66 1 1
65 5 66 6 3
65 5 66 7 2
65 5 66 11 1
65 6 66 4 2
65 6 66 6 1
65 6 66 7 1
65 6 66 8 1
65 7 66 2 2
65 7 66 8 1
65 7 66 10 1
65 8 66 3 1
65 8 66 4 2
65 8 66 6 2
65 8 66 8 1
65 8 66 10 1
65 8 66 11 1
65 9 66 0 1
65 9 66 3 1
65 9 66 4 1
65 9 66 6 1
65 9 66 9 1
66 0 67 0 1
66 0 67 2 1
66 0 67 3 2
66 1 67 1 2
66 1 67 5 1
66 1 67 7 1
66 2 67 0 1
66 2 67 3 1
66 2 67 6 1
66 2 67 7 2
66 3 67 3 1
66 3 67 6 1
66 4 67 0 1
66 4 67 4 2
66 4 67 5 4
66 4 67 6 2
66 5 67 0 1
66 5 67 2 1
66 6 67 0 4
66 6 67 1 1
66 6 67 2 1
66 6 67 4 5
66 6 67 6 1
66 6 67 7 2
66 6 67 8 1
66 7 67 0 2
66 7 67 1 1
66 7 67 2 2
66 7 67 3 3
66 7 67 4 1
66 7 67 5 2
66 8 67 1 1
66 8 67 3 1
66 8 67 5 1
66 8 67 6 1
66 9 67 0 3
66 9 67 1 1
66 9 67 2 1
66 9 67 7 1
66 10 67 2 1
66 10 67 4 2
66 10 67 5 1
66 10 67 6 1
66 10 67 7 1
66 10 67 8 1
66 11 67 0 1
66 11 67 5 1
66 11 67 6 1
67 0 68 0 1
67 0 68 2 1
67 0 68 5 1
67 0 68 6 1
67 0 68 7 1
67 1 68 0 3
67 2 68 0 1
67 2 68 1 1
67 2 68 3 1
67 4 68 1 2
67 4 68 7 2
67 5 68 7 1
67 6 68 0 1
67 6 68 1 1
67 6 68 3 1
67 6 68 7 1
67 7 68 5 1
67 8 68 0 1
68 0 69 0 3
68 0 69 3 1
68 0 69 5 1
68 0 69 6 1
68 0 69 8 1
68 1 69 1 1
68 1 69 2 1
68 1 69 6 2
68 1 69 7 1
68 1 69 8 1
68 1 69 9 1
68 2 69 6 1
68 3 69 0 1
68 3 69 2 1
68 3 69 9 1
68 4 69 1 1
68 5 69 1 1
68 6 69 10 1
68 7 69 0 1
68 7 69 1 3
68 7 69 6 1
68 7 69 8 1
68 7 69 10 1
68 7 69 11 2
68 8 69 4 1
68 9 69 3 1
69 0 70 7 2
69 2 70 8 1
69 3 70 6 1
69 3 70 7 1
69 5 70 7 1
69 6 70 3 1
69 6 70 6 1
69 6 70 7 1
69 7 70 7 1
69 8 70 5 1
69 8 70 6 1
69 9 70 6 1
69 10 70 2 1
70 2 71 2 1
70 3 71 2 1
70 3 71 6 1
70 3 71 10 1
70 4 71 4 1
70 5 71 2 1
70 5 71 10 1
70 6 71 2 1
70 6 71 4 1
70 7 71 3 1
70 7 71 5 1
70 7 71 7 1
